0.0974844699459932,0.0184069621590363,0.603049715398449,0.0843593897617861,0.0224490881957527,-99,0.479601818104545,0.140601921629904,0.156409076851794,0.15287115892379,0.034951016722435,0.0624340568539759,0.211210001727114,-99,0.259428252336942,0.222846626291544,-99,0.0938900166961567,0.0671041553844528,-99,0.109485674111133,0.196247674342823,0.397727294566315,0.000868966231591992,-99,0.0792321125602741,0.149322542662375,0.0488057118178196,0.342356514854307,0.0368457540643478,0.00530028031696616,-99,0.0814415119627512,0.0658045591534844,-99,0.0470876330152542,0.00822851518585092,0.0324903271829405,0.202439081849196,0.0444884541350504,0.123379418054799,0.0855827977130295,0.214640611336448,0.445360899247616,-99,0.18780837427045,0.0406169661582658,-99,-99,-99,0.0809286147436058,0.0704286540577418,0.0528458063668963,-99,-99,0.212607339802928,0.0720183623677792,0.0781627005842065,0.328266767596555,0.0589137960426566,-99,-99,0.242545427983519,-99,0.166066965224143,0.0317609379050035,0.123696294700781,0.0021193142008322,-99,0.447197145693162,0.00708988328250293,0.377793195094041,-99,0.022217780531844,0.0886198437974798,0.112266299088995,0.80556977571454,0.0863716832485447,0.0649128559974582,0.162934384028369,0.105386139354005,0.5151650737782,0.114309600122511,-99,-99,0.0456396889771684,-99,0.000152048791738447,0.0300452744501491,0.364954074054627,0.0639464521816088,-99,0.0794032656152665,0.111745745209424,0.0158357687640385,0.109606737112282,0.0227730800122886,0.307584148814242,0.127217720165713,0.0501732775866521
0.331816263603334,0.184394820234262,0.0462817065517268,0.0382248068005396,-99,0.0668052194570556,0.165676148422918,0.261612018835923,0.247925386432106,0.572776319147172,0.118103089805313,0.0178730341156539,0.0134639842934562,-99,0.106035952766315,0.183982910051222,-99,0.0395699734790817,0.0539343669487268,0.0982510787826616,0.134053252113514,0.0113980580071232,0.0512571295692283,-99,0.0607170526144415,0.038012526905438,0.148388534668278,0.217881701616312,0.181290620712681,0.0638913740642757,0.11486683769412,0.10818597635059,-99,0.0885425528270987,0.101154414708433,0.0188987572435573,0.167847504008854,0.0852092379020087,-99,0.245746638827252,0.169590555227968,0.0478957938093724,-99,0.0104383671688356,-99,0.097396875873231,-99,-99,0.0846203028581757,0.155382966370327,0.0429857186450034,0.25163780479355,0.0759881721105622,0.0349956164483021,0.00510240484771869,0,0.0336041917018859,0.132092313847918,-99,0.123275831185383,0.0825931736944017,0.000658305284781723,0.0234415064685477,0.0515946212937726,-99,-99,0.119493454097555,-99,0.375275701303692,0.0529895710282164,0.437095262879007,-99,0.436946664467567,0.0379050856925575,0.0052663194327505,0.147136394687371,0.0306687835065336,-99,0.366819965545002,0.260067282308388,0.0655046489333069,0.0201175393130232,0.210348914473125,0.360716750231026,0.154548489969527,0.160230457281704,-99,0.0903304686142164,0.0834338328223347,0.28187276538915,0.0139222961973708,0.00911812144679662,0.0385916865395648,0.0836928692262243,0.162445262083222,-99,0.0900909840750462,0.101593923595798,0.0699130956754651,-99
0.0609610877737751,-99,-99,-99,-99,0.36467518726599,-99,0.0334014972904462,0.221917165315579,-99,0.0285409917724678,0.10505404373302,-99,0.310013421250931,0.0482927521755922,0.172858801454412,0.0613475612789025,0.324018044210807,0.0696069380606595,0.359146097449088,0.0438775177806551,0.1040287058496,0.312450748598588,0.476791583793519,0.200342014171489,0.131374631728297,0.552233510412193,-99,0.00858479516852289,0.12319355011208,0,0.0119610500083815,0.0672831461174643,0.264409728567214,0.143583497961775,0.0288449451110453,0.120233178675833,0.263857945850753,0.0299468684244385,0.246283552031974,0.0581966528918689,0.0178478148641514,0.221645758173741,0.00464622732851282,0.068948882161128,0.103773958942803,-99,0.00290157867260977,0.0290613201829101,-99,-99,0.0218342664344795,0.0202836749152296,0.435687990076082,-99,0.153580242661616,0.0501534700263613,0.0325821074445945,-99,0.262956677777702,-99,0.291351651259773,0.03496452913191,0.0961685720697691,-99,0.0999923167227516,0.268197335282689,0.172842402165562,0.067390900556346,0.0470193955033575,0.156589752061226,0.154281995548803,0.0697348720342368,0.00186733186449982,0.0171137514056154,0.279210190100372,0.0682713605831084,0.189499291586883,0.134347805658204,0.172413956898626,0.061897701201662,0.345495206020593,0.0287252805006087,0.0664751460952064,0.00986043928790474,0.0453878292301693,0.0516660284008958,0.403139464369826,0.0152571934815393,0.0430581130767586,0.343103592599809,0.244563495877278,0.066339698536601,0.0547473690573568,0.0143421684672921,0.383090140612301,0.0804416234172931,0.142722995890984,0.0543716263896927,0.148366382783951
-99,0.0236466721007191,0.00246194380802377,0.0683923003111382,-99,-99,0.182582387746581,0.109417107046518,0.328813837671899,0.0572323111418409,-99,0.13533617440295,-99,0.102007776283658,0.147590308240293,0.0966467723064879,0.0165996738066559,0.372329583969027,0.18117507254434,0.296446870775202,0.125907622572327,0.22934413530525,0.257395678350168,0.066592378701993,0.0392626220094784,0.0958222907030674,0.255167001567644,-99,0.122356539586905,0.221859518632928,0.223751002185358,0.717538418630955,0.365422342153207,0.0557424958139105,-99,0.145667284675197,0.00104862642719149,0.312354380440471,0.13894821441801,0.371060607655642,0.0108253151282585,0.159720096732288,0.0249100637485308,0.126327176846967,0.541824422186005,0.0259284207266836,0.179589904007077,0.169510766627091,0.0396549360429163,-99,0.177740921393154,0.0124046498034712,0.098514771183851,0.124359927047146,0.042768785796822,-99,0.000110479984092385,0.482289815711323,-99,0.0740434950423463,0.00355109695421791,-99,0.117536302040786,0.210964988357916,-99,0.433613344590777,0.0279757346219986,0.0854078580294089,0.175208983783272,0.032517621217337,0.440021484433345,-99,-99,0.00141804415094854,0.179017435116379,0.0466773139296769,0.160555546628124,0.0264247353726992,0.247764222994827,0.138166434892051,0.117122818843235,0.0367634714805285,0.0864660375604385,0.217194973250019,-99,0.0127456827777294,0.196814330285143,-99,0.0337604230073406,0.167040896321981,0.0716376981735849,0.0103365617516051,0.136256036903943,0.0594294515716313,0.0798600548931822,0.196766099133433,0.21211337350227,-99,0.281230193767687,0.0356686473071248
0.0215486552615799,-99,-99,0.266388523310434,0.0191634569208682,0.194308384310298,0.0135434906665347,0.480042622453534,0.013408277062091,-99,-99,0.0638291726726832,0.126939220124772,0.25692245520538,0.0220376142376106,0.0597188857957613,-99,0.367884464492439,0.170676153119354,0.174469935849698,0.105774586702776,0.16125470504705,-99,0.0931665694641472,-99,0.304161783685146,-99,0.19592085779497,0.186459884691679,0.00517557681238671,-99,0.131760080283973,0.153001627053147,0.0580583854395029,0.0862199251515136,0.152812431365727,0.0350857458498159,0.060615878134008,0.000415746897619258,0.271836455020384,0.111171607821533,0.0996942841833376,0.347442074734173,0.0686900569958948,0.0603660031430996,0.0298393767583096,-99,0.334742612173334,0.275581267112227,0.507703126354094,-99,0.222998095247978,0.056007125107677,0.131124432744928,0.156405747339119,-99,0.00114821740410223,-99,0.322195349172279,0.120106303004363,-99,0.255317370222454,0.00134935826449509,0.0428508216383504,0.169361710855271,0.147651152639139,0.106252224851392,0.131978828456024,0.147416621390392,0.0806940524449701,0.0356150812773861,0.0947457728248807,0.166967305487517,0.304918469223404,0.0427804520629266,0.0888114580351796,-99,0.261255256666517,-99,0.205635261315784,-99,0.0272006200222569,0.0721463762876836,0.0317049395758147,0.0462614353832171,0.084064362912896,0.0380084569235846,0.00153252756076932,0.117091321056486,0.310874912462584,-99,0.240655669803835,-99,-99,0.00148138240406324,0.037457641675998,0.183188774897473,0.208703081323946,0.0113657571727746,0.0285428239648693
0.204744176288937,0.00569722801796092,-99,0.122241145155675,0.214580669804093,0.296252783119751,0.182105135215876,0.0622721938152574,0.337353511405971,0.0484247918366093,0.199146532574346,-99,0.434799186519412,0.128683509698258,-99,0.154097961003288,0.0242746318010809,-99,0.146167329475724,0.110619106968948,0.0181015258165461,0.0595635992495599,0.142709772209106,0.0603183901368425,0.012261811493612,0.00561989263278574,-99,0.0172513860255476,-99,0.298180859132077,0.00554434990922486,-99,0.273665416619574,0.193488383786364,0.00851459074525144,0.0745826855060184,0.152394594184095,0.336092144500354,0.344819757697077,0.00712156884364369,0.164141254506646,-99,-99,0.454381446963764,0.390605350317559,0.109289267619988,-99,-99,0.205344387257148,0.0419651246795647,0.0278110245229203,0.41554016634796,0.401101090705405,0.00104609242484824,0.0913724823150472,0.0433558486327,0.0319598786329349,0.208225222751591,0.0256648027023279,0.00222761888895351,0.0296050299232663,0.350283440201101,0.0613813807562424,-99,0.0598228442235437,-99,0.0112487047846581,0.0377247296245017,-99,0.312873942018869,0.0937444956110269,0.000697584304853837,0.0310047122354785,-99,0.108834471728184,0.422939892014027,0.178747988920474,0.0911846535903662,0.0374569746792931,0.19244930387541,0.0239383846116964,0.031942359799111,0.057541219201559,0.0264256130491888,0.125961053424206,-99,0.151322733309305,0.0415597089078035,0.189147288040598,0.155761366465707,0.0117124377418133,0.0584588056600791,-99,0.001576900740022,0.478760259269484,0.0163185958159742,0.0252143929945454,0.795950032129284,0.0158146797770796,0.104954182043925
0.0473022635694818,0.115915317020204,0.0443333720508854,0.059575175383733,-99,0.135528584880572,0.305407547716809,0.0420979762494214,0.0126134672684936,-99,0.00176958795387675,-99,0.0145116011968381,0.00524644184207553,0.181173807793628,0.228239136766089,0.291710317726686,0.374448124818932,0.291880488262329,0.0610390116918576,0.00321122594485898,0.0232474158785773,-99,0.0802724051009055,0.00646980503181288,0.235666985645946,0.0544420981315808,0.0570184531049624,0.530962176672742,-99,0.182635981939915,0.169397798115744,0.161931284470834,0.0123690383713127,0.0182574987084496,0.0112521931753108,0.00790202735455186,-99,0.0396978176721821,-99,0.0472249589465277,0.0994869074635854,0.0218392058179643,0.108290463430584,0.0148656914451023,0.0027816772713742,0.0891652281712574,-99,0.0266650044459814,0.235291518609694,-99,0.0733385278391221,0.119817325047376,0.0839075315477674,0.0565644302968487,0.323904570153398,0.0829095612529741,0.348533668494261,0.147168641655019,0.00958251549368379,-99,0.563040710109183,0.0648220609216412,0.0259845260270595,0.00703185080617163,-99,0.00371101439076444,0.0192286896760709,0.0495006669375934,-99,0.0828853533773125,0.139685055888429,0.0570470393838157,-99,0.108079496867952,0.24450037637639,0.193293842716556,0.0608321625377224,0.0677681593182929,0.0564384742197335,0.0278464021249096,0.059030947375355,0.242799637478934,0.0307564978960633,0.152359934364171,-99,0.0364766616309978,-99,0.0143633435496918,0.205265612769965,0.058296907357135,0.174111330595874,0.108018134108529,0.018921856867551,0.359763254877354,-99,0.0216216548076845,0.206292205148617,-99,-99
-99,0.097845897862245,0.117974172937072,0.043467098834967,0.0941284309575837,0.282232665299966,0.175460806818951,0.0389340440875157,0.00724625170571914,0.529092327409678,0.0929909248212322,-99,0.30327975945367,0.0171369883202027,0.0823948273992724,0.00933002577687912,0.12419650521355,0.013527293292418,0.0518555457312281,0.0806228137607046,0.0827197965578537,0.047686543830969,0.386460137832698,0.052352873071176,0.011785357026539,0.191189555834731,0.0409328830797387,0.22753008556946,-99,0.135710942890779,-99,0.0236353437427436,0.0410312839568114,0.200009852961782,0.144382671811911,0.197132060767683,0.00337615661189332,0.0162841923729396,0.236893012794801,0.0504907349283176,0.373953585867638,0.0153769516821211,-99,0.0350444802414023,0.0599096186991288,0.0506373551085613,-99,0.0853851092231148,0.0727163263207047,0.0514387963046246,0.150371500914531,0.106548207687637,-99,0.099661180811386,0.0664517621691362,-99,-99,0.142841041096321,0.0218261130074606,0.00997795562055378,0.0435866962527728,-99,0.0299365665292658,0.376364765186784,0.0151607575682669,-99,0.111399270167961,0.339796842969254,0.0114744998242069,0.150445316359174,0.0585207637905261,0.0765729503588646,0.129391839725894,0.00212067498407672,0.264743034163506,0.194693829604711,0.183436097342619,-99,-99,0.227119822385842,0.087473744619944,0.0212769818276156,0.181337377366883,0.0481641541737457,0.019261775944504,0.610895281465844,0.0290445262409014,0.0271285933178212,0.0632196104458894,0.2917127354424,-99,0.073564044150223,-99,0.0842176284868873,0.163235524584081,0.0758533148119877,0.0797026674271793,0.0407682373160028,0.104587827691243,0.024727289523534
0.0869424474609142,0.180235400790805,-99,-99,0.0412773473966117,-99,0.193813323558404,-99,0.20806598215581,0.0706448939736906,0.194008740313007,0.118639563833373,0.294669759219495,-99,0.0458710191129307,0.0425229903276406,0.0199382560080811,0.0544376822152315,-99,0.0695298751574146,0.502876679766476,0.010628531917441,-99,0.165344310339276,0.102257489407348,0.0124367394538617,0.158392204469907,0.112714325609306,0.175475491695798,0.0680691110051,-99,0.00775254827788742,0.00466798116313763,0.0783539954767271,0.0400540563350258,0.289948872978439,0.0052718647773458,-99,0.257678568530297,0.539706959286893,-99,0.187171239871887,0.505918993443166,-99,0.0136176551719258,0.0241374474197301,0.108817910352002,0.00420354716281968,0.0438962995517525,0.00924936636956907,0.413258125427653,-99,0.162139790706052,0.00462402234411011,0.171563058265933,0.155651603278202,0.0693868831763576,0.0230455613422825,0.0200101975315206,0.034063599150916,0.0318120414547717,0.0186796920859642,-99,0.000273729602670937,0.0359482039947381,0.289758808382814,-99,-99,0.0809843113280773,0.162907909652984,0.174683543884393,0.0694002516772881,0.389689670100491,0.00275286155416315,0.00435067946883989,0.458618798607091,0.0100439356613987,0.209091073031507,0.281362359449474,0.0493481369316919,-99,0.0826992165058005,-99,0.00785009697579541,-99,0.0023999865169357,0.0594389573555286,0.0373794336640658,0.0135845918738217,0.635200866065819,0.17376203271037,0.111027346864145,0.00145198166196446,0.0432825512818921,0.272209978045183,-99,-99,0.0806664315831195,-99,0.00453777763368525
0.0697694563123631,0.129704599230526,0.0872590369966833,0.0754517127750012,-99,-99,0.321513045060194,0.0354013993663731,0.292849157390026,-99,0.0525294955364794,-99,0.0957334802880657,0.0209999737763312,0.21221015773994,0.0449891230300474,0.0480396891156414,-99,0.257461131008998,0.257160302627992,0.0263415914029647,0.074221846000449,-99,0.152479966471813,0.101362389738508,-99,0.19761517029066,0.148686995015252,0.0578736416730619,0.0214439921190121,-99,0.11532637792614,-99,0.0995654317867385,0.266675840583787,0.132365082103092,0.102893852971874,0.105716184016462,0.326479744749387,-99,-99,0.0356327368425993,0.52828533664096,0.0427539072856405,0.163864410965464,0.0150811609092493,0.158782379125555,-99,0.0399059589584323,-99,0.196520622625376,0.025807577039541,-99,0.0464340643389126,-99,-99,0.0915657223371024,-99,0.0714217447886984,0.0601099903542474,0.104076981555365,0.0858551145873675,0.00305371005632676,0.154588775485783,0,0.359189673618854,0.0883198160135082,-99,-99,0,0.0320303348831172,-99,0.219422878168159,0.116954074984551,0.00183694133767724,0.00990464145340446,0.108009257707109,0.310999917844337,0.280569086143165,0.0202889848979619,0.00615319193648657,0.0271574350716594,0.01887047636668,0.0396322071827742,0.240044826216345,0.0237817010221986,0.0367508521838126,0.281413648005661,0.0960451217773977,0.16447406570017,0.0974282270717188,0.0987011865634879,0.279956839374813,0.0176944807183068,0.130435894290241,0,0.174345831423029,0.11006231564957,0.466444335551853,0.0459240072622276
0.00209255535740615,0.113389486352201,0.143244383382719,-99,0.0896773945829508,0.150285034029826,0.0985189667795571,0.0924960683867869,0.0339446622142254,0.18560712599056,-99,0.246608878009304,0.0425191868615017,0.073560223152981,0.0204222105586058,0.0351550853399174,0.0500731290999079,-99,-99,0.236732561255458,0.0142585155789799,0.0683939431876069,0.360113201413675,0.282676679723568,0.0927864778018959,-99,0.0823625962560926,0.103898946285846,-99,-99,0.00946224727088079,0.357353853317968,0.0212479420268955,0.000275385442827117,-99,0.0500564342165441,0.209694814803339,0.223622069963272,0.0571595429633276,-99,0.239415230432357,0.140509890579787,-99,-99,0.0198430136162893,0.0564211831189426,0.0660459152819564,0.0227761963170427,0.0499810919435366,0.102567618232586,-99,0.06736920011854,0.748557067397014,0.123802686854837,0.0184272373245213,0.0186950786368339,0.0236832252380193,0.0851429492704355,0.0990629299269969,-99,0.20324352205826,0.115345730563119,0.161139101868466,0.358760054918595,0.0330656055851563,-99,0.185341141398005,0.175612879123263,0,0.152895357218185,0.227052050820594,-99,0.169472378301687,-99,0.0275965849213936,0.0194024811582257,-99,0.000951051911597653,0.0442975500269758,0.126943754796373,0.714842534183084,0.0630810082284261,0.0726807484731021,-99,0.0543818657178782,0.066538337226841,0.0866930480377034,0.0673974016053661,0.117103835518418,0.258827713383292,-99,0.362478872319695,-99,0.0664120584583489,0.187488936754391,0.0510598207338576,-99,-99,0.156975976049411,0.177902701475092
-99,0.262444620654676,0.00869863301193093,0.00409660019981,0.210439299513541,0.0564184804857375,-99,0.0143724070233181,0.102805496103946,0.0521788956199296,0.10806120647446,0.630241658725968,0.0271472336264109,0.0251198866416896,0.604048063363516,-99,0.0612643437203595,0.112749008812411,0.00979816631136668,0.00392084038203655,0.612174595524493,0.0530148617188224,-99,0.166029553511741,0.279897815385294,0.0989495656780641,0.0398545550534554,0.0142593158207539,0.341887851760837,0.0659806060697294,0.418904828354071,0.167408412907703,0.179182786299132,0.424094393412632,0.184679543619278,0.412434910868557,0.113687327058798,0.0453966916144251,-99,0.239944630817088,0.000470426048997535,0.332241344967361,0.0338089102081108,-99,0.211251809863102,0.0636904289208265,0.0985184823780376,0.0641592800238436,0.00474449511976199,0.224076775974545,0.149827332445764,-99,0.122253227630199,-99,0.0119250608336583,0.237430601268433,0.298754654316495,-99,0.0146685684050018,-99,0.203556020363928,0.398958183576187,0.162893299353508,-99,-99,0.00942524326155886,0.306182789270134,0.271278280065392,0.189766880427106,0.197728999769604,0.0632453895354333,0.424437098541672,-99,0.242736716234362,-99,0.0635025072874768,0.0251601015720165,0.0154396254458684,0.182291743199562,0.0569092613658826,0.103969264815785,0.315960636057535,-99,0.0121371255331855,0.169472002375988,0.0830001870082,-99,0.2893013855361,0.0223694856976586,0.0423107831776454,0.13667279538539,0.00315802060880016,0.00988768082868343,0.256432221881589,0.0987858755863459,0.610669894117685,0.133116717929392,0.0520598234175746,0,0.221045394154737
-99,0.197058932505278,0.0866358442667013,0.128351744908635,0.101140140175157,0.141518764286688,0.181148271405231,0.0493127516747533,0.010778065158236,0.018217769591595,-99,0.00903857139722191,-99,0.0758464830206548,0.277963255867828,0.050011932642566,0.0149908604045096,0.24297674967112,0.382680757164871,0.0867750529720561,0.317938912307171,0.214666809818565,0.0807792717620744,-99,0.349499689086031,0.00505417366515555,-99,0.0018066671819826,0.47392537170621,-99,0.0128957150286652,0.0688436861796798,0.0998190796232936,-99,-99,0.151650634206133,0.201581086217042,0.0114736895156099,0.488665001636088,0.0755433418646116,0.283053692503754,0.0119537409887325,0.0363806412230485,0.0434450301259174,0.218705024734951,0.00296738511474675,0.0795415309081438,0.216638472040935,0.115788678478254,0.0567787230461045,0.0746844648472832,0.0055524200041345,0.245249684884763,0.109563859837222,0.0284518404098245,-99,0.0270091591043322,0.00897390229848075,0.0441472235904371,0.0469004600080394,-99,0.104877986527826,0.1305890639499,0.033548175895816,0.0931214172518899,0.146633219036738,-99,0.252060737438443,-99,0.161652692852801,0.467587294113978,0.149212833085967,0.172514374370939,0.0521214448763865,0.0274521369601423,0.34167285152492,0.265339917679703,0.139300797210961,0.0427240017575929,0.15537850428191,0.0720834990564718,0.185623288955421,-99,0,0.347031853636127,0.325826737330605,0.168055940119305,-99,0.230122074186777,0.308501355749673,0.0630246675012121,0.15413229558513,0.348910742634816,0.627240468245142,0.0276248708783524,0.167093466297429,-99,-99,0.131746420466206,0.0229033303533415
0.0262086003480983,0.0163258142045943,0.100660155264856,0.166862791894404,0.0307486900616539,0.183790479983865,-99,0.00804853450101981,0.276811004060899,-99,0.140720977208223,0.529717915964132,0.0565227089162049,0.164508661168208,0.00574685410553441,0.193966873417168,-99,-99,0.145223633420681,0.00149758102339546,0.0714389768124346,0.0355744557174502,-99,0.127765772918141,0.0637402701914052,0.0415090872385115,0.309222261218115,0.158252031030044,0.12877190717507,0.0114568940728662,0.0473351141011548,0.155511453293495,-99,0.209688038913277,0.0208463495279406,0.0077795301305462,0.1068849869694,0.0300736901729955,0.241263760896109,0.537711855177124,0.103498488270927,-99,0.00992805271548039,0.0105383901424229,0.147989311966459,-99,0.0199483425349493,-99,-99,0.14163828740737,0.20611570999444,0.078309400412338,0.0979842655627294,0.0728947789335385,0.38700057390944,-99,0.0210928471573029,0.041449473879793,0.0542698213602173,0.0141164701814164,-99,-99,0.0626343769546027,0.0839897057899334,0.0383742409096863,-99,0.0416024625099726,-99,-99,0.196818681160945,0.674398046988268,0.0126212865349885,0.171220988756351,-99,0.29692685397838,0.0657610117861464,0.0429681386740685,0.00638086293427107,-99,0.0533090983081401,0.161748323294304,0.104805001718953,-99,0.135544695413759,0.0134998902594187,0.0159076891464862,0.490172895673738,0.113368119927862,0.00112230289498365,-99,0.082267768727103,0.0253336374979209,0.0183287027256813,0.10310300551402,0.0115705077931901,-99,0.127883923305764,0.0894955993949708,-99,0.0776188184534851
-99,0.0811057048426446,-99,0.016743283310009,-99,-99,-99,-99,0.152952826169977,-99,0.0168385604448093,0.16347104849685,0.0301371147422401,0.0302685928810816,0.394066843626267,0.134293400871888,0.236673579815638,0.000362101595472078,0.0751569663211355,0.0694477612562168,0.277491993019465,0.15596922969412,0.0411848573586291,0.00568228299516484,0.135261685700402,0.498888683892856,0.190318468454464,-99,-99,0.0561056466104571,0.0273750650952868,0.186758611702856,0.0136541253405789,0.143384687701206,0.200427255963977,0.0383588281803408,-99,0.430263674959225,0.129820654741375,0.0677683414120366,-99,0.113825950299543,0.592976669939056,-99,0.0318471359455842,0.0401561218490362,0.0859139462484954,0.0352951688997947,0.0847471398094947,0.380182651963087,0.355764775114451,0.108172071723975,0.106511439372801,0.227721112920258,0.119471209905058,0.325279018593198,0.095694276204369,0.214638624521854,0.268679854903749,0.00167734758143827,0.26940085137625,-99,0.00417944731406573,0.0750597825597797,0.0124360340875387,-99,0.0256803549476517,0.0870906962809138,0.151430249931669,-99,0.0542075641255621,0.0223927346884476,0.0659680357047662,0.684192634953737,0.151083580575866,0.183477364363624,0.177325186896984,0.015462111011129,0.428084474991008,-99,-99,0.0338598954148507,0.187810982956922,0.0231158472189331,0.0228301822548889,0.0439407910528772,0.264410465686536,-99,0.100748458782991,0.000656217616347385,0.0344377254270674,0.186723082621811,0.054588024143056,0.124872685213193,0.143120610674772,-99,-99,0.0596131059497399,-99,0.225900616476291
0.0502285116302555,0.37841601448079,0.299952593572977,0.0409547655986668,0.212303324845446,0.0564191764186087,-99,0.420766798856018,0.200061574936008,0.118726520345111,0.00908833325212649,0.107072118487415,0.0566774664652871,-99,0.243100591895887,0.0841598606038354,0.0411995750251689,0.460489396256405,0.220060279407966,0.262532137861942,0.202785882321855,0.257274985149841,0.148481830697206,0.0643291713404682,-99,-99,0.0279932596177192,0.248966790681147,0.751159856844063,0.0843561877889398,0.0155430495671236,0.0503941222340573,0.179050663592455,0.112152324491411,-99,0.492385095098409,0.0247465947537409,0.0500779045056138,0.248283161541122,0.0627886272639825,0.126934153637127,0.245381915176213,0.197869587492438,0.139166410226775,0.00590513495929463,0.0282253213425879,0.0323040594522185,0.221369183656357,0.139862175684409,0.552810388410097,0.360882169468433,-99,0.309929905294342,0.0507798638125805,0.0485542157328068,0.0300754286597426,0.0686747451466576,0.0997811746332096,0.660737640991922,0.116670265168603,-99,0.0600591833970047,0.0334609776142967,0.090591021202998,0.00206206952813683,-99,0.104962976902628,0.0973566386546778,0.161667035938016,0.133404576335396,0.541172637118984,0.0663661080640502,0.0656560824114911,0.185369374563962,0.587064291384106,0.121049741165839,0.228565057358261,-99,0.005340608869069,0.0692007879626516,0.0464891705325805,0.0115121512270444,0.0250783993474996,-99,0.0657987337875627,-99,0.00388667098708279,-99,0.280503721937155,0.166923170863048,-99,-99,-99,0.0247605868819231,0.168965745903643,-99,0.226467172094678,0.0315641620940477,0.0454569382806825,0.0229147674774101
-99,0.0976946157325637,0.0885081895753389,0.137091242144967,0.0825156234013019,0.0608882630105552,-99,0.0870059501923482,0.286840325410611,-99,0.0644971727840569,0.109809922776368,0.0177318467230386,0.0342544203860487,0.412567343592039,-99,0.0325213397722808,0.0653038869201697,0.171949406046681,0.0542077828475594,0.587029338977605,-99,-99,0.318634875268195,-99,0.121100842645976,0.0681056912070983,0.177890910329532,0.3584024431865,0.121947379595477,0.140205165224337,-99,0.0448601173414762,-99,0.0063083132560542,-99,0.0155024986472142,0.104856823082969,0.0650808838973773,0.203560570652445,0.0492779882130789,0.310579365067121,0.152528980965887,-99,0.17576942682395,0.379454700132956,0.10816184545663,0.0496821673371677,-99,0.664097100883968,0.220677589614318,0.00160622770690045,0.0734923093424633,0.0597042408772218,0.0588870160559164,-99,0.0853314959737753,-99,0.0269426202282772,0.0567247984698375,-99,0.0355887121450257,0.0114216244867452,0.322139409488741,0.0212880906288703,0.289793665808983,0.0465271016917532,0.306277132252581,0.293156733149535,0.167325222121515,-99,0.23504968340416,0.202924350333316,0.0477154063915824,-99,0.276596239538046,0.190543648356678,0.121524774109725,0.121923640603,0.0816112643093143,0.0919007058641533,-99,0.310522063940002,0.0501196602224031,0.00728893438699434,0.0601564601466784,0.101039512059377,-99,0.00135948428244635,-99,0.160898631288204,0.0209027234471053,-99,-99,0.00796857422165907,0.0552568922987966,-99,0.285385203024191,0.110948291257674,0.211311916119042
0.334973809675494,0.0298550717579402,0.344672904496808,-99,0.130097491678639,0.0794702161201096,0.13174880422261,0.045014736721144,0.397149609745198,-99,0.148654203849718,0.0623305275522497,0.0923267662954672,0.0850733533908265,0.108893558970726,0.0113234666066044,0.04107973892888,-99,0.0261719761916053,0.00482772562868203,0.244994505132663,0.00867564513959844,0.0394523226017533,0.195659644977157,0.0748014222147199,0.571757959332449,0.100435916944496,0.038850795183123,0.114092833808655,0.296750287630878,0.0122562012556831,-99,0.236517254726771,0.0631314980612502,0.174681909631481,0.369256508492448,0.147883679729163,0.143500853614222,-99,0.140291231221326,0.100440058908298,0.238046107529856,0.499254359934196,-99,0.69447091723152,0.208135937993721,0.172044010622719,-99,0.00214537238912493,0.0668824233988726,0.407931255161616,0.0902769298912665,-99,0.0924762369180839,0.124465108723746,0.0421263073717403,0.120430798278773,0.0870922479371658,0.0720503239995881,0.26579364351766,0.196320351661536,0.0472798422198007,0.269359166606524,0.2351698682914,0.11795926352631,0.0160927302609398,0.639787631023737,-99,0.0410855299438357,0.0813457700650633,0.121857963780474,-99,0.177313890225135,0.0386570644024804,0.282609911145193,0.416953526495903,-99,0.00600163503795735,0.170986023451069,0.0272355983375417,0.27002490219024,-99,0.163686191103158,0.130513421321982,-99,0.295566053870023,0.327671352625825,0.0541879114451422,-99,-99,0.01091261367504,0.0369432896939351,-99,0.317612364607834,0.163445167594068,-99,0.221315078127757,-99,-99,0.064342259992927
0.00219161878095456,0.0744506074639691,-99,0.00855531197140488,0.282715952911218,-99,0.181881665742449,-99,0.117714236518619,0.0254662700838699,-99,0.0652746448422992,0.232581282887768,-99,0.0527154454448648,0.132796623892757,0.124634216023444,-99,0.0959315326491931,0.138103835593464,0.365454295176596,-99,0.0180895167612575,0.0605249753465594,0.0978969956496833,0.0151701656335469,0.137187792612343,0.0742765258228317,0.0766054812278507,0.136655505005539,0.0580997925881876,0.124539821970208,0.0448641425728281,0.0519078320673695,0.0774755558369303,0.023009035662789,0.112290189672174,0.241624200465788,0.224781315083276,-99,0.187783698364442,-99,-99,-99,0.0240894366495011,0.348587251117469,0.0227947940813798,-99,0.0296476963181829,0.479491841692175,-99,0.0580113122920524,0.207832371324885,0.362207497829991,0.0383297057789983,-99,0.0694732604124894,0.0724109357984409,-99,0.0426170756415724,0.100225983995612,0.171242857041121,-99,0.298407292821125,0.0689850514319163,0.148368515696122,0.0254993425386913,0.131959090812053,0.445065772823205,0.888805478962906,-99,0.0699389706576194,-99,-99,0.252388705433,0.0640344222172885,-99,0.00293873532989725,0.0765799749727224,0.063344098242675,0.113619864216968,-99,0.17062860752716,0.247750341296098,0.065251601716485,-99,0.121253433091704,0.0778241475622924,0.0441640986063362,-99,0,-99,0.419747234741414,0.110530806862709,0.00829444671860585,0.20442377537951,0.0040523609561962,0.0274127311991097,0.00551622140102343,0.115943937190413
0.368588212680174,-99,0.285310999946485,-99,0.625034077207941,0.238131113126342,0.0314960014068041,-99,0.15325059918435,0.114535888029751,0.0579309775115772,0.576003434838503,0.031027595625525,0.223549764975942,-99,0.0489871700619487,0.0284975250854356,0.0163962578302691,0.0378079857583882,0.0431097550713756,0.150350634952697,-99,0.214552743098965,0.124945117848582,0.0244593774599512,-99,0.0885829918000109,-99,-99,0.0117907030495884,0.00607367030197246,0.554475415743662,0.208286616217459,0.156489422781996,0.0147879384934168,0.0188878176861938,0.526052539816569,0.103158356334072,0.0408832917934184,0.522276506268853,0.110468172312573,0.0351097573791994,0.0695398123933586,0.691426297692727,0.57710812289474,-99,-99,0.040418458920776,0.0594030005795551,0.372644486882557,-99,0.0683913209791635,-99,0.046880958733112,0.0223912086612097,0.0448397148016668,0.0376086801887988,-99,0.332129698117387,0.105668385794099,0.00271118780467766,0.0507009743097263,0.00298241475096326,0.0491684781432889,0.0413282314474016,0.100382556203262,0.00544161786263349,0.110133975803983,0.204209440964938,0.243917330899753,0.16550806770273,0.292483998652418,0.306384531776078,0.0469004966013469,0.182085342876935,0.0944549685922118,0.223644559477354,0.0389962434364346,0.00466951267589712,0.228489495412278,0.0101217754882239,0.451371030337253,0.00383720666513392,0.161141613054303,0.0689735193227659,-99,0.00778732462810369,0.0741203632512854,0.168990549454994,0.0389899015425364,0.0492932142283311,0.228283125211476,0.107234143260349,-99,-99,0.0472910212711853,0.0120836742955993,0.236628183687559,0.0603077741131723,0.00243962497644955
0.0377299183335067,0.0281234305656948,0.0185238367483313,-99,0.172540929033946,-99,-99,0.00727254846943341,0.0182663932912769,0.106566000763077,-99,-99,-99,0.051087265102925,0.317153569611589,0.128541027011095,0.044191006877136,-99,0.0918423613428672,0.0908557842828631,0.127238163491425,0.396752367806194,0.0592002251067202,0.141369411506825,-99,0.0300950138263922,0.24348002926418,0.0949345291245753,-99,0.489057416880165,0.00301859116119869,0.251001757290645,0.144443130825261,0,0.163013486595008,0.107878553093951,0.0209858895893336,0.0618600564903177,0.0100835431040644,0.260867364590462,0.0716376614901731,-99,0.0923667518436431,-99,0.158214990709435,0.135087609434874,-99,-99,0.306664622301313,0.00509434226240055,0.0234754635227886,0.401314498025282,-99,0.0786490961532775,0.122920586657998,0.0659833004675304,0.066076293898018,0.0244756781513823,0.317315017417653,0.0298157448364356,0.126824988079961,0.270994289342894,0.0357400207135002,0.155102240169462,0.119054709172597,-99,0.156652389309743,0.0175906310586396,0.0790619659016933,0.0424583427723655,0.126720018656195,0.121804308598757,-99,0.186286681313526,0.0952016574906052,0.0246016868346164,0.306698861877904,0.093982990157122,0.280861558099171,0.0969197307472705,0.130676488721846,0.0298361961816414,0.168916643883806,0.0854009109746133,-99,0.466281280794157,0.187906594695052,0.0201363252159028,0.00190852694204485,0.0544702432853438,0.0241420333647147,-99,0.0541698638636108,0.123002690444871,0.288601180408856,0.0298965314456576,0.101584745337189,0.021432736674241,0.160714461444116,-99
0.330013932973914,0.167650616736224,0.0332920543548831,0.0363924808096454,-99,0.0593853142441808,0.00610571345291862,0.0326211250644262,0.315617024261999,0.102130241959096,-99,0.0122260106930442,-99,-99,0.187912660637546,0.122961179458807,0.112701219647789,0.478735269922224,0.532600416882409,0.397782653793268,-99,0.0596358663907756,0.00369916912528389,0.0804148682886213,0.117671791585866,0.602658925134364,0.14229336763187,0.452116271833729,0.27781280583603,-99,0.0790536589141537,0.0007588129312177,0.246004282084438,0.00472684783699184,-99,0.0183213671415909,0.000719102693657885,-99,0.0459357892851159,0.00253132116832959,-99,0.498474651581721,-99,-99,0.0228158129472013,0.11800976032125,0.0461059063171683,0.200181358350624,0.00733017318231967,-99,0.000440590669046873,0.220231988581059,0.12306829481659,0.166618739482215,-99,0.138390805486972,-99,-99,-99,0.0867262919941326,-99,-99,0.0146489995234051,-99,0.0483425836876537,0.074203035824679,0.254484226223796,0.140891382143858,0.310755486116887,0.0839518051500111,0.202769692250019,0.0754853016183258,0.433727545429234,0.183403117246845,0.0294985282985393,0.0260532947179374,0.440408192408002,0.309590534746301,0.128400797546686,0.027569570433327,0.0217806262357426,0.147126479248083,0.00889061664725509,0.112429072991564,0.0209265908805771,0.00297605652826602,0.0317431404273693,0.581480713681919,0.0794376429344473,0.12594976861436,0.0223422858633517,0.0547957494174308,-99,0.124763177722939,-99,0.0243324241887816,0.162397589602064,0.0115147241804581,0.0220574436393611,-99
0.0216819186011678,-99,0.0184406068771821,0.122156717902022,0.0685184785901843,0.0621106352889783,0.372730077180536,-99,0.246928076041245,-99,0.0105737639908906,0.0196342091093531,0.50638318092484,0.291403909825653,0.390421601326961,-99,0.0574557416636449,0.0949319074383655,0.262073991444805,0.181598606675027,0.595905511076929,-99,0.0769908945300193,-99,0.00672385708355735,0.1139613585696,0.0655992219435151,0.00873441994007695,0.0210213925491142,0.100155702929454,0.0233083235147363,-99,0.0788009026964114,0.114203473542787,0.00082660838237429,0.390556571627656,-99,0.274392147191175,0.00258378229536283,0.0830676000654223,0.319540960254021,0.0582886263881859,-99,0.101883321558568,0.161148312416021,0.00407457205730976,0.116227652711758,0.086942948648971,0.14239831056692,0.0141294383566374,0.0447144894247445,0.0838614110457244,0.0626930764255967,-99,-99,0.0001567401710359,0.209533255748916,0.16338987214783,0.315024020685847,0.0473276980344825,0.151907646866443,-99,0.0826729744562859,0.118927538187394,0.0191699766753216,-99,0.148077313946426,0.146259314908404,0.0823254939486342,-99,0.0447564656992341,0.0432370095179301,0.0265004376988006,0.247617075007401,0.234457950316602,0.0603491651450307,0.194587449737246,0.00166704838828358,-99,-99,0.0738266905362516,0.111070730580698,-99,0.0928400823177873,0.254417180851376,0.00613258129422643,0.212434609058357,0.000137444898379412,0.084048238693838,0.0594925005403457,0.0172626466050213,-99,0.148827177740355,-99,0.0455202536194131,-99,0.061181059522704,0.418287800831921,0.141171538996562,0.0366721249907414
0.0747655057979958,0.414431091636562,0.0304783088474098,-99,0.109656713890595,0.512849176708097,0.0628496038515631,0.0789217409325399,-99,0.103007950730269,0.0426052741682957,0.31282033281951,0.213240342300082,0.0124873439429414,0.0604842766068856,0.124566049079657,0.0556977215494045,0.0244782831241647,0.0552880537196042,0.00662775744886413,0.310221802194073,0.436746694862668,0.095354175183848,0.299130450672024,0.0170563287243035,0.0192649885744528,-99,0.134590315105117,-99,0.0153845203006207,0.00810443399893627,0.106799507856811,0.22163661713222,-99,0.377420191366673,0.172778503415404,0.0285094811816376,0.658069515357181,-99,0.372926204680074,0.164423552476241,0.260398454606042,-99,0.551522256517677,-99,0.398636121304901,0.0681390104150019,0.108171850131512,0.208666357325234,0.160161532707118,-99,0.365994548808431,-99,0.00273228598438197,-99,-99,0.0724404376277487,-99,0.165169809454514,0.0321024343888867,0.128668154092919,-99,0.512700192906572,0.307545892931236,0.100163297698535,-99,0.272745867939453,0.160090320790004,0.0339362271795143,0.0903081837499364,0.0715953488658205,-99,-99,0.0187874335768563,0.0882375332992176,-99,0.349051811158315,0.114366151398374,0.0168110997348879,0.0706512545233496,-99,0.00724791831433476,0.318477111487397,0.180574793078452,0.0228020485391691,-99,0.0888733656000242,0.423653666710777,-99,0.0217298515967723,0.0808924198399277,0.161954518778827,0.0791660306438327,-99,0.34256062963916,0.37991545243273,0.41640463685385,0.0698921229779233,0.0111127071961774,0.0967814234449982
-99,0.0193860240956013,0.101242119955658,0.107949310467136,0.212029036891488,-99,0.186828811394334,-99,-99,0.338299206642535,-99,-99,0.0972953187885207,0.140305450438581,-99,0.0965547256984187,0.14621475284923,0.0203021809359636,0.0522923204286393,0.108310423781729,-99,-99,0.106197371442311,0.0123899970244695,0.0207048973441248,0.0124510699429751,-99,-99,-99,0.0488024652610934,0.365832737706921,0.16579476188752,0.130615347508563,-99,0.364281696252733,0.239096246889183,0.143262237035229,-99,0.0375329555752245,-99,0.207840453761972,0.0668066909515157,0.121378973812749,0.22042977213125,-99,-99,0.390916897053161,0.132307744765327,0.152802337744945,-99,-99,0.018755462614699,0.187936403495104,0.024706161622259,-99,-99,0.10141226071162,0,0.0215559101995197,0.335393248225192,0.0354806826900996,0.087476836073519,0.0306099681492958,0.098924483563311,0.041462364838495,0.363476307004974,0.569631346999378,0.199769193730442,0.553764007097595,-99,0.345341074497035,0.011265012705289,0.0484298788712033,0.0151061203728834,0.113137037109407,0.528554014629111,0.0923837003372809,0.014384758595104,0.422967220334331,0.0897708545507424,0.00148767019449334,0.0179473835751874,-99,0.148877449134932,0.00787127349319024,-99,0.00862628450357428,0.074171808422717,-99,0.302564996725622,0.184758771728113,0.0758255876655787,0.0613029297819026,0.0842743415035905,0.00146792380724453,0.10027611881722,0.121865090193437,0.120461585074796,0.0140090122484491,0.689267990723773
0.0787265978235168,0.133125078654774,0.148259986523921,0.0461751001680464,0.167825307435713,0.15223030166795,0.101592474137759,0.0474290688649173,0.0327143092561626,0.147693071046083,0.147612614541802,0.603117827945822,0.0647376969896279,0.16503200725387,-99,-99,0.0992880333997205,0.180880838619485,0.0144316753351098,-99,0.482260979451429,0.107006038469049,0.181856887267344,-99,0.00669648240941485,0.210803218731514,-99,0.244232714194089,-99,-99,0.0328174431024663,0.11295110021041,0.784263731460839,0.0709668002686911,0.272824017273037,8.2180881739324e-06,0.652488703639661,0.0976927689287012,0.343335415769473,0.0413915902353719,-99,0.0968154768101555,0.0633584091543518,-99,0.196790618798852,-99,0.0032107574003979,0.00442417056594292,0.0105382131313315,0.0108981333333933,-99,0.166640175332576,0.35339466336586,0.290769072125883,0.00810504370382367,0.129590540859719,-99,-99,0.259799929977889,0.0243787297856031,0.341568499616441,0.189396175342779,0.037924338688754,-99,-99,0.146240578021915,0.0981307456167036,0.137343502486144,-99,0.165798327885858,0.0682310744732096,0.14444693740365,-99,0.0770624877683233,0.163476545366902,0.251736040258506,-99,0.000857762302896846,0.0142644960272287,0.0585854021807168,0.107184459410985,0.113009057780468,0.0918753460074568,-99,0.0334228737482759,0.130583408473527,0.124372061992592,0.00133767175492221,0.00199004453106325,0.322269414783655,0.190198488279807,0.496220171254097,0.307334903569609,0.00310069127490966,0.0681387590127749,-99,0.0799887103354965,0.128451213033289,-99,0.0358240558616027
-99,0,0.26412444840226,0.136427049916754,0.131841114137509,0.205170186334156,-99,0.135113788632027,0.234407827359047,0.150045187184393,-99,-99,0.111482174745044,-99,0.0894227471911863,0.210239321102133,0.242629577335306,0.27013917059888,0.0408379421687953,0.110269873376066,-99,0.317911545805087,-99,0.0105647813072444,-99,0.192114248525801,0.0430099441817501,0.0402349368839382,0.15860891569125,-99,-99,0.238892755755164,0.062108698286833,0.158596927947958,0.189910656825859,-99,0.0458335678560828,0.307520606372876,0.0200788382761467,0.0650387598699834,0.0142263834049106,0.100341570481307,-99,-99,0.0427693522053074,0.0114057330044306,0.151971474536269,-99,-99,0.152437944755532,0.376488817963568,0.0811822541993546,-99,0.0300659332844534,0.0135014323878664,0.101570252657911,0.149605745541004,0.337183352667632,0.0352927876641286,0.0643803694672233,-99,0.0504941156700893,0.27166235702675,0.0134723963337963,0.0882055260503831,-99,-99,-99,0.00561514770099163,-99,0.16553005644013,0.136743584703883,0.00707261591908185,0.231734031235165,0.0890218937524277,0.00142236387375206,0.0216151367971377,0.0191135388953935,-99,0.126638043768778,0.569336542441344,0.098085598341004,0.026314195099799,0.00055447139266176,0.209226363639356,0.0465366343669748,0.092071305822602,-99,0.413324436591344,-99,0.0670630908271451,0.111193939872952,0.401370925084272,0.00387353416910599,0.266122427707,0.0136441647871996,0.0386356491234012,-99,0.249408754865229,0.246790061878852
-99,0.037490327799184,0.120976845639999,0.00368776731945779,0.0963767105134201,0.0370519147340839,0.161106513722611,0.186947163768748,0.156596635713255,0.638826468628056,0.055268903391669,0.00985323874006911,-99,0.0357273302757897,0.804087658332505,0.202151485604748,0.0384096863835562,0.136763345123681,0.0441126084897115,0.143664724595409,0.390234922930246,-99,0.13581110748051,-99,0.0768080718553257,-99,-99,0.00552766315213863,0.181774236452707,0.347910751582779,0.263533842057824,0.00757786586264156,-99,0.0504439887380847,0.0258849847251126,0.0699105294019377,0.0396664037996155,0.22457837534055,0.191935409017165,0.0241450274525964,0.645069622714397,-99,0.18855022440151,0.0290236002937488,0.179400476692805,0.195426451874492,0.134480895944983,-99,0.129414885107725,0.0089204110361359,0.283027564798425,0.0067850999639759,0.106153324580902,0.0269407001674863,0.0477397992594377,0.466805987581968,0.305439150713597,0.00401030567310827,-99,0.00670450001961734,0.116128180408732,0.108514869110842,-99,0.15153203068287,-99,0.117460487460554,0.314215243501661,-99,0.29188037802427,0.608090119467486,0.167007219575982,0.295973362315124,0.146054256601903,0.468621769591458,0.0991055420215868,0.167470800900951,0.379790248295885,0.0398871186832925,0.486590899570229,-99,-99,0.0557328847155615,0.0171181979227946,0.00111474428244246,-99,0.187835157346864,0.061479143810226,0.097602355655849,-99,0.0324136030641502,0.0690510613318709,0.00698684475919195,-99,0.0555047316787429,0.103874718373056,0.10064864333081,0.297705508249013,-99,0.00283923712657406,0.00552485075422767
0.187408942056341,0.0310277094183615,0.0316496898636345,0.036906893003428,-99,0.204652693758025,0.0865653762869618,0.0825970921767509,0.106322281099235,0.182143100737223,0.0537371807308324,-99,0.0874856883130317,0.112680431171996,0.0278616866592806,-99,0.0803411155880515,0.450431129572736,0.0404524909557462,-99,0.00166912502632258,0.243405518942571,0.375006607274194,0.000962202314227541,0.128414611127448,0.380971316828804,0.0151222868151187,0.249229360644813,-99,0.016545650613372,0.114333792399127,0.0628937033837627,0.106283531589282,0.152281621049949,-99,0.29452661544489,0.11356686097237,0.0428934789803845,0.076290265927308,-99,0.136555940551958,0.0434942998486058,-99,0.118164456552086,0.110513937260686,-99,0.0160411896544232,0.0496022485963382,0.236197602468999,0.0422306039997398,0.0806540834357257,0.00285374709403525,0.00993299268382102,0.0195585912857573,0.0189460802377562,-99,-99,0.168443486358188,0.0182143026885243,0.009348765402109,-99,0.0077107375187874,0.393194624111929,0.187221686703946,-99,0.00492179546874841,0.0313878209896893,0.0271235018574996,-99,0.199415026304341,0.177808243116534,-99,0.0041668787563715,0.185360027531435,-99,0.104464059632764,0.0410663853315265,0.0258311051696967,-99,0.0126141217878951,0.150865771363893,-99,0.173892036286363,0.10554216808744,-99,-99,0.018593051110369,0.0337249479043092,0.221905312222508,0.0174400863059887,0.271202632592999,0.0671499516156712,0.071345176491482,-99,0.0111602932238712,-99,0.135025590274823,0.317771460051562,0.0255702040680068,0.252295797411375
-99,0.0265340303346118,0.287251099141217,0.0511756166312715,0.0480663888125829,0.86220523509421,0.0265128048431918,0.404454259874622,0.0558168033583967,0.116413376431976,0.0227532487909393,-99,0.0329631320391446,0.0770253260063312,-99,0.0218637067292422,-99,0.147996626205069,-99,0.0430884277272542,0.119106703092098,0.0494528852398278,-99,0.0545497318573461,0.0976548711366206,0.0629030484335138,0.0112400060863368,0,0.0639259404563285,-99,0.236247804662583,0.0550213302477081,0.109098852093943,0.0239613893977332,0.535963336768317,0.0229719539385134,0.155752671390637,0.107914643949707,0.106412700348514,0.0288291863617869,0.0240106902305841,0.000119969983786915,-99,0.137507269229768,9.44729378606579e-05,0.0789266403302125,0.0327279067136004,-99,0.056383755125102,0.350131370632935,0.0173309309257073,-99,0.667481140252187,0.231810946447827,0.126328866807606,0.0534970850387395,0.181789873029362,0.00683340561797027,0.0532107733760882,0.0122722714280361,-99,0.240342101761886,0.0412163775725444,0.100613768127693,0.0425572775988997,0.0106662829879696,0.168954847825468,0.539564162072809,0.280843516716875,-99,0.000563458576828566,-99,0.0197672278860312,0.0311195716529452,0.362371885277048,0.0018822989782001,0.0226002394217193,0.101646315921355,0.100638916069812,0.160693151884806,0.0429672827602529,0.0276098828010951,0.0138041545577327,-99,0.20809086088289,-99,0.118758454980178,0.0273522596376869,0.166859516148695,-99,0.162448828555307,0.0328767710604968,0.0769660463667046,0.0351345634694189,0.0218830085513155,-99,-99,-99,-99,0.25165580645567
0.0339333644492655,0.0398350879270891,0.00121026395936912,0.0893848619325604,-99,0.142861065970191,0.0190083528504045,0.11378386667151,-99,0.272212009853941,0.172087241908862,0.312422349371735,0.160529818161549,0.134276291683364,0.0540120759664757,-99,0.128129745917739,0.174198804258189,0.0355900752948525,0.444033386291765,0.0316937639634477,0.199881586871383,0.0061958317266136,0.185372577556532,0.033628707723076,0.225401589051451,-99,0.167704786334576,0.590543348563048,0.0629624788305845,0.31541604833591,0.177894337249634,-99,0.106369647679567,0.341295906322686,0.463999378089554,-99,0.027662870521351,0.171760821012917,0.0812492605119721,0.00641075187033478,-99,0.0328240763872283,0.120311464889852,-99,0.348381654021841,-99,0.0918534205308819,0.110195845958962,0.289798029828453,0.0151444142144236,-99,-99,0.328089386465252,0.114508008086599,-99,0.0723434748791949,-99,-99,0.00999958445642029,0.235772184281555,0.401300646032338,0.0315976264735217,0.351701302870288,0.125663478439115,0.198521968939364,0.107379051935966,0.0790060237312368,0.270886487006023,0.0203759924497538,0.0608504241372166,-99,-99,0.0446978324392343,0.0226690790277414,0.0729585415630321,-99,0.21730271527531,-99,0.247682573608946,0.450579553594596,0.224634656122137,0.0589433267282652,-99,0.338362345816642,-99,0.311932654204973,0.0421225859510524,0.172846479608186,0.190006608456011,0.0626998099797215,0.106777355626932,0.0864685932487077,0.0103570014961578,0.481478739882859,0.370721460090626,0.436705609158104,0.369077894151662,0.0123646631956712,0.0395295333374617
0.0127261325934899,-99,0.0719512960673185,0.838179778593918,0.00771322532856623,0.0589218462120178,0.469142737108255,0.196036373302007,0.0736394435189625,0.0933075808535376,0.0552318843904405,0.0236256033526649,0.0644218849920805,0.14634164262813,0.245670571776485,0.0189039324437305,0.0676547067736721,0.36102929788539,0.0443463258462003,0.168587974489227,0.332805594277038,0.612496490450791,0.191736617602925,0.0592046801497597,0.0120463466574364,0.140526604905955,-99,0.157370244065795,0.168604179631646,0.326921827006302,0.0282106103429158,-99,0.218917176388301,0.0940968079408819,0.100562253949066,0.0870494935170471,0.188681646595951,0.0178261283364344,-99,0.0814804398702692,0.0671534709574644,0.0521952704227344,0.332542123321411,0.0326416208235907,-99,0.0748903079177288,0.000758887211537033,0.239421117212979,0.0310193432620755,0.0652760189081602,-99,0.0466098868496464,0.111827098709421,0.305946770146079,0.0519103082259101,-99,0.02826667822128,0.365105659984442,0.0951453393329211,0.0385193643620327,-99,0.114598639513038,0.0316743267206247,0.0718582449158462,0.0627967332628684,-99,0.145690364536534,0.0516064184618182,0.590914960887569,0.0466348813591013,0.175581451585075,0.0689227137363583,0.00357447427810926,0.0989778449360059,0.0116558322026024,0.216997447111014,0.32846485043094,0.0224723481701872,0.123738844224951,0.0445340279645666,0.065077858091068,0.102953537791521,0.0441234812350782,0.168346806987517,-99,0.322630814788214,0.11757047195314,0.00141441985314253,-99,-99,0.213009678255348,0.0789954245113631,0.230380284007444,0.0317846634693407,-99,0.120557072268888,0.470085222272962,0.186724087500616,0.0261605366723152,0.109152447536324
0.173306882574283,0.00617693007752364,0.0354314439375939,0.0129765086491109,0.287276631166713,0.108748082491599,0.0414713759050458,0.114939491569433,0.010415937901801,0.0617203942909551,0.0455031579018311,0.0117786899587558,0.125410375862681,0.00726916457204995,0.133965889616368,0.126753341844253,0.172008211912137,0.00653134500720103,0.00899823576695806,0.105152542410325,0.0313874644206756,0.09016488082732,0.0155347860259783,0.0108133029100573,0.0814571172915958,0.133691433724932,0.038233991711932,0.102021241076656,0.052141336350354,-99,0.0698981426797642,0.242813386278505,-99,0.647717013168883,0.0196588210476127,0.0453140021083778,0.19820482450312,-99,0.200796432710716,0.0815333485173328,0.301265619789685,0.276334648378282,0.0276991296967364,0.056802903732593,0.0156284543397709,0.0272198464923521,-99,0.0421699077739675,0.0401141335005639,0.0802281856273624,0.0206799193416909,0.0109815914370216,0.312150917804462,0.355387354539372,0.00810801966479925,0.505708530560529,0.0357076024668576,0.0461918313743149,0.0712763784326748,0.112115418240813,0.150727484479754,-99,-99,0.0673928223405814,0.0124332109490863,0.0329767721670493,0.0324653269822325,0.111156046581139,0.0916682112294415,0.000593251604521985,-99,0.213709035314082,0.124051515115178,0.119275933135683,0.158681584464001,0.22219776343845,0.100591366434054,0.0969131039064826,0.271077872611355,0.0563883112646744,0.038747104848886,0.220460728300028,0.247372158691162,0.0579621889056063,-99,0.0276071662271627,0.0401418978994566,0.136740034101354,0.0564117373211029,0.00097118575723327,0.000773164947106411,0.00522789558176029,0.185503670198873,0,-99,0.141343550255896,0.076975366854108,-99,0.0585801966455934,0.265706309878393
0.118880062303268,0.107619728119485,0.0210819449787252,0.0461062501990252,0.0169049420099809,0.0526142461166899,0.505299836667038,-99,-99,0.119626887863295,0.0674174675463331,0.249246863541514,0.0769576931462297,0.137068157392656,0.639095181134014,0.0303608043192033,0.283685169102895,0.0765798181880476,0.097202669273121,0.0690648336916385,0.0124945922268996,0.12566244756031,0.0968298840267179,0.218834524714162,0.0219403494322896,-99,0.0575107784555223,-99,0.282278347976331,0.0291309832470204,-99,0.135600412640682,0.0583743186961965,0.110571153626482,0.138314922214867,0.278841131885572,0.0241279938559804,0.0940737888169178,0.0178366534382139,0.29395350850883,0.146362810417593,0.0206436362432384,0.0688091774891237,0.03826609356383,0.182108097943183,0.0202859881097812,0.215665652342238,0.00697891079975431,0.114136370479888,-99,0.557088441293235,0.0571998172589608,-99,-99,0.17320417092347,0.0874217737069998,0.121905127724591,0.153154502203374,-99,0.177206485687447,0.380451864841109,0.0232698029063376,0.0979686708233073,0.275799701614219,0.153442048441787,0.062912080413646,0.518042589967749,0.0401383008200378,0.0516074352248186,0.0103811808941548,0.00226328402950056,0.0254183727774776,0.30000377039281,0,0.26524176402672,0.324079915246064,0.274080283953744,0.575531515820319,0.257374857510867,0.0159216586674188,0.325489030372664,0.0932979231481647,0.0178598155088024,-99,0.192454190700257,0.00283037092624002,-99,0.222612608939327,0.017850279412988,0.185365602433914,-99,0.30378986063529,0.07599109829098,0.0836307450846308,0.0787290081582046,0.0505119460889519,0.157812538176647,0.181465438185824,0.217122029872961,0.00734186356864827
0.0619372829198798,-99,0.156466672798223,0.0176574291985541,0.0488035147157065,0.0704815057737207,0.213456389762575,0.203615506899523,-99,0.116036485037259,0.0795339739113704,0.0928364445458706,0.0371430122449192,0.227233149383159,0.0114887048631371,0.0393718131964337,0.0340333068163213,-99,0.294369003957272,0.236839426930146,0.492325375706963,0.0270756529574601,0.181914199233313,0.0065098415711975,-99,0.209844111114723,-99,0.42163857672637,0.0333622522473161,0.237992691081375,0.0151633960780441,0.0426150400418609,0.00736789745767396,0.0187998590295214,0.189255135863939,0.0497161508769485,0.0436327458062742,0.156252130740294,0.0222662183449085,0.120785503525726,0.0868594348229962,0.0347383381738955,0.174137870459243,0.195158110833874,0.0535147130933552,-99,0.0101802441211134,0.109563435077168,0.0570867269583554,0.18713640691447,0.0796174825326947,0.105659145357726,0.279503925938271,0.00492080079866295,0.0215852150562289,0.072359927189168,0.160806481114524,0.0227920854268659,0.101107087089067,0.0303889748157662,0.35461344290252,0.335161939733563,0.360240672813958,0.00888878230469283,0.020274721633317,-99,0.312362915864853,0.0704031567524272,0.0204977441519297,0.102222905115217,0.0166799678950794,0.0826037313548907,0.176912347500738,-99,0.122098756665803,0.173903020285953,-99,0.040815959675247,0.362131468289974,0.188899722348693,0.0554974616344509,-99,-99,0.0547887493108396,0.389954080478815,0.021111415283822,0.0126134320124194,0.0329924539274707,0.77804497061975,0.022846821194082,0.00127399602658819,0.0574541304068481,-99,0.15119995742744,0.318809798391119,-99,0,0.0736042433333568,0.09667257959107,-99
0.147090794210901,0.00412642280497661,0.327448062164023,0.366752052722963,0.0167571401569497,0.317657992008298,0.115446780929753,-99,-99,-99,0.0180222886567524,0.0373632945479728,0.0417566180879129,0.0377949166978519,0.246646735816184,0.0682946068261654,0.185503002171877,0.0220392666430279,-99,0.00856991206823689,-99,0.311839465721739,0.118392805502334,0.0306210390053327,0.0751039650531797,0.160696081677672,0.352877278461475,0.160811935957366,-99,0.0417413911034996,0.530095541380011,-99,0.00191310667560818,-99,-99,-99,0.138686012538218,0.216543346047191,0.029659887438865,0.0641431440892485,0.420768961039862,0.167574335346726,0.113280941587831,0.0464435757473816,-99,0.126916504305903,0.191687080222634,0.121275925166293,0.22843564325186,-99,0.191272773444628,0.0118311155404916,0.110226412114496,0.236370118430589,0.0157643052836881,-99,0.00200650860731989,-99,0.0995379181705686,-99,-99,-99,0.413494268444313,0.677084756421654,0.030636201171202,-99,0.290145096427284,0.104390249100608,0.0560512316383785,0.0768790393366114,0.159876564158851,0.0319679762760316,0.210987987845546,0.0670586617572891,0.00793428549254037,0.218787915420304,0.372970864109775,0.0651682764395112,0.00343250619392512,-99,0.0834342863612421,0.017447688953557,0.0140073412284698,0.319462214868325,-99,0.150891901597425,0.021919793230929,0.0234450364651453,-99,0.190291973640259,0.037438071591139,0.491529071664928,0.239130026368718,0.102667579969998,0.133509141131206,0.141181897977533,-99,-99,0.124649950838539,0.0899530880591236
0.178238940238505,0.0191044840762526,0.105418204868113,0.0646708311503972,-99,0.00967464146753638,0.0049070077323207,-99,0.0125483162206166,0.236878507554288,0.242343445302393,-99,0.00785829565485767,0.0270659578172537,-99,0.0426804074494202,0.402166295041866,-99,0.0067799498745822,0.168252023092324,-99,0.53253651372283,0.177278663353461,-99,0.446023704094766,0.499860715950277,0.100474715166666,0.0107405227180531,0.360627070632068,-99,-99,0.0309907329480578,0.107854270259109,0.109686551825234,-99,0.0213178120049766,0.0282202212489355,0.418136850550187,0.204889723147251,0.0857205161272484,0.081207279722545,0.192399215276287,0.120521126685777,0.32737247111698,0.060147692084557,0.143327675399261,0.282558710180106,0.118605048772309,-99,0.0393603377280899,-99,0.0554763946572844,0.0133133494507927,0.0419816377167222,0.211613364160845,-99,0.0292418921612338,0.383774938169066,0.185969306515113,0.0292460746913859,0.107370044379938,0.114589173379479,0.0948366804008074,0.132267880463659,0.103875737238602,0.233811348913021,0.0742919740594712,0.12200306964605,0.102609015344174,0.374712126445056,-99,0.0556202394586209,0.0600530340279006,0.0505289921912831,0.102720044078469,-99,-99,0.0181667732300535,0.0588500664324878,0.0631904201862613,0.026838276651291,-99,-99,0.0365757240776215,0.201511288864071,-99,0.0447581259309176,0.0569076303059057,0.165449056973468,0.263185016812686,0.000653548283759721,0.0207810051526803,0.12542309980656,0.0283137142341535,-99,-99,0.22069207931315,-99,0.0437922530757017,0.14071734631006
0.153113315365444,0.219717686375011,0.0178647898094948,0.0495725367683218,0.591140951951155,0.159283997756046,0.0595387550156615,0.00168458020666969,0.24894369664091,0.0649236686659067,0.0880296475277185,0.170329812173913,0.113322778256707,-99,0.167042322704682,0.428367891188998,0.0472308820551308,-99,0.0366856277374574,0.0216986914244187,-99,0.106454105520892,0.4561293863576,0.0534197182787199,0.138572099427222,0.0862021773231096,0.130582921986698,-99,0.707728506043021,0.140333517186952,0.0210457717338102,0.0486336572999685,0.132581299449441,0.00672452584140197,0.235623462821482,0.198722061587542,0.178747348791066,0.212237515866419,0.0780272381741587,0.158160655764634,-99,0.104485537122228,0.202355655357394,0.0402560395115818,0.121576020756416,0.0937296448714684,0.0371560377342257,-99,0.328657881918337,0.0694823737768759,-99,0.0540339859487444,0.17250421469128,0.0416396369275503,0.403886742322414,0.024561048028134,0.00558757357746948,0.0744904292938108,-99,0.0219219528967939,0.18029743372016,-99,0.204507075657136,0.188492171982314,0.00248551755158474,-99,0.0352279716274365,-99,0.0972974742753133,0.176696836093524,0.0974067716119754,0.195598134639803,0.210998205634975,0.108156135451797,0.448263384558229,0.106767286592242,0.00342079524710556,0.011725810710822,0.111064999473638,0.112728082276385,-99,0.356498993240698,0.262882806091411,0.243856881124808,0.284831371576857,0.100620399056711,0.0578893117638391,0.275394461821704,0.163933333672731,-99,0.195593603354313,0.075694820392896,-99,-99,0.154855903789033,0.176530928244124,0.0606567003662712,0.0847896894730844,0.0665677923502535,0.113905469039584
0.0351156187297419,0.0544613263342822,0.199918156598054,0.043014955873874,0.399537063488255,0.170665142689533,0.00214287994781661,-99,0.112914356231531,-99,0.0185577184024565,-99,0.0330373397052767,0.18744335875503,0.11059899211581,0.0492434742621898,0.163446232300167,-99,0.0327332266555679,0.0310608029229289,0.158051020763351,0.0492768584878617,0.903340614255679,0.0157302376968883,-99,0.0478827713462452,0.0510201276327105,-99,0.115769357321339,0.00928725425077177,0.294234234163004,0.279508479412609,-99,0.275461174202496,0.087002353689189,0.0809585157638005,-99,-99,0.0396734942042175,0.309592651169427,0.0384038847649949,0.0116955526308507,0.0239246785097573,0.0153324224901644,0.0580894700837855,0.137202229200297,0.0590169247092257,0.00376865986796025,0.0743544564653354,0.598228787389508,0.0319055296949569,0.169029755969357,-99,-99,0.210046446457066,0.162891718740586,0.00865471826442761,0.0240479461067348,0.0264198782811995,0.00281524762984448,-99,0.239970268148903,0.121912631191017,0.101644487529343,-99,0.0861566734670627,0.0592059258303552,0.0618725852751095,0.145332909056769,0.199285695336759,0.0892080844366868,0.153999426653897,0.265810686185026,-99,0.0298082192032814,-99,0.000578879458381893,0.0164381592343223,0.101896669250867,0.0903950077146133,0.237767420664402,0.220864238407674,0.0236893480534363,-99,0.0165299117197355,0.0317232702387568,0.0097024657540038,0.616938582598094,0.0966128473080545,0.121589123989002,0.0625493143933554,0.300978855880501,0.463831361891935,0.0145665774395401,-99,0.182156789069038,-99,0.33957409516986,0.0143465894959398,0.306964900123827
0.103390146660999,0.102067459686674,0.248161726514575,0.296048326558302,-99,0.0396147819672326,-99,0.210588300356465,0.591589420322774,0.0482015665209393,-99,0.009959052534039,0.104216256838304,0.0995347762597586,0.272182270258192,0.248154558534811,0.13727298240687,0.288498645617379,0.0256069834278307,0.0232089782900319,0.138557285181138,0.13421331566384,0.0535789876793521,0.212220374033323,0.209770558800233,0.448106607132533,0.0196351790885594,0.0647119001773258,0.317379853695624,0.0525012533039857,0.0105553193179492,0.00573566049479858,0.309653010267962,0.19417778905652,0.163901439492086,0.0459757774859319,0.101039121589802,0.0936416457813805,0.10014561444758,0.292298834185605,0.232984734984956,0.0824266092665086,0.107855723942439,0.00765980841672816,0.0441814205019685,0.37081767357905,0.135960542890733,0.078542952154625,-99,-99,-99,0.0214813488622753,0.0695445698694018,0.0659980197798935,0.124503909330576,-99,0.0380882517916969,0.205716044185357,0.0158706391866851,0.0322991634981914,-99,0.147912705560995,0.0818082255335091,0.0290173941439207,0.113621019670772,0.186285671451168,0.342953921991178,0.0737047696397366,0.179999160461532,0.0913210081268443,-99,0.304333114068203,0.00149692616104501,-99,0.479053440395142,0.106595499462911,0.0802024292901634,0.0373440233836648,-99,0.0304981016599266,0.00682518535417915,0.181405364988907,0.129024114517858,0.135225197133929,0.200614276518877,0.10275016600312,0.102590027854398,0.0247787992720628,0.240902894561667,0.175205442703039,-99,0.26068940545699,-99,-99,0.0135407723018483,0.00178368126593525,0.0636543976995595,0.0396320236834726,0.00550232653943095,0.0203733035218731
-99,-99,0.0365520474504057,0.108474636853784,0.0821004703305285,0.0371396089019256,0.00426263768508628,0.0514893156773733,0.0475372081503017,-99,0.215142335365963,0.0845989839105718,0.5016653843829,0.0666587407284728,-99,-99,0.129564993645393,0.0147835670497682,0.00809886338481286,0.012518413004708,0.291675082010874,0.108818770036616,0.114408722517764,0.0576861915989313,0.243260768322627,0.137249365910452,0.210244485438445,0.0395923628468175,0.764085982986698,0.0629322245548955,0.0771141465957819,0.0889280704759628,0.044933480577423,0.0142289028978609,0.146841049267536,0.182016875472981,-99,-99,0.01637464414238,0.0980818630325217,0.356136409775705,0.61430781422835,0.0169556930915902,0.201656426847838,-99,-99,0.345535774844867,0.184568162537664,0.0287978454419361,0.107131636910958,0.14972318568902,-99,0.234965378241085,-99,0.269275714739402,0.0555102710265931,0.0701813098240478,-99,0.167772685677047,0.0120492238309054,0.0740903722884416,0.0236080300721246,0.186295423714171,0.0217883160947289,0.134360502740431,0.00294049278510509,0.114027707745204,0.315781220628585,0.107533558575161,0.0155933018210743,0.108021344554429,0.100087112363476,0.129638774757214,0.12557358321379,0.224396251943934,0.188746638760614,-99,0.121214951239028,-99,0.0708211227420263,0.0374459358576343,0.0746730047717483,0.120888304224204,0.279193479347851,-99,0.19306016925694,0.0708377859684236,0.0724886133275231,0.191651010107219,-99,0.112970659981637,-99,0.0819328729393374,0.122603017937677,0.133344640303132,0.272062300698215,0.236576616651077,0.135014032182252,0.00905307384172567,0.132519895984805
-99,0.00669128475463616,0.40529117033641,-99,0.050711560600824,0.00434508007158203,0.0521543397517762,0.425224583272441,0.420959769270112,0.1411145237769,0.246367733062996,0.0443441203456885,0.154992068890623,0.0449182132774179,0.142229971252652,-99,0.0810273680918573,0.0547986675871165,0.222689865909808,-99,0.0281540499846605,0.0489986359364224,0.548628616522435,0.0199162972213781,0.165080646456011,0.197039915253564,0.101577008761365,0.585657531452489,0.222001694557441,0.209388777422107,0.00955657738907504,0.0417075080174329,0.100733255023926,0.0528385353161487,0.156150785677222,-99,0.514904163073854,0.159307724302082,0.181936922853097,0.227816723792621,0.368941875133281,0.0780427591520274,0.0475566287726081,0.0967280644763022,0.0384369444618811,0.0261655336395775,0.0293370888722382,0.177814470159572,0.0718105652754833,-99,0.0178678420556457,0.076451578533737,-99,-99,0.0472530373285567,0.0697167925269147,0.0717374765972016,0.193994506053437,0.0296340632242372,0.0546363043480669,0.0549740701727661,0.0343338543296093,0.0119963273020103,0.251137002358271,0.0721998001220192,0.058080112581871,0.194244728593942,-99,0.555067075731374,0.0834209712361585,0.000851095571130229,-99,0.00620177058919865,-99,0.0726359964357054,0.00645165869762932,0.213753102690083,0.00597604975675856,0.0617475227840537,0.0186083081065707,0.0860668768344797,0.0172101912202874,0.0870235385598199,0.0614054169557121,-99,0.0511707934403581,0.0366705707500843,0.0333025094019957,-99,0.00448994684723943,0.0333200742360518,0.20319422057383,-99,0.150122585536314,0.0821356355736327,0.120272193623251,0.072117031983388,0.184546424306737,0.320559932831461,0.0285201946128168
0.0994760271001701,0.0704590492210508,0.0521581675457173,0.031104786772025,-99,-99,0.337463113485966,0.19915031184212,0,-99,-99,-99,0.286331378769827,0.0153411571573375,0.300983616084113,0.0256780707616511,0.102893557968568,0.0121457282757705,0.2003180865014,0.00210557035543616,0.0374754616473599,0.324248001711894,0.0896993127844349,0.337562198212464,0.155811442246448,0.07958370285903,0.0275127490226378,0.29872889883681,0.0292804580348558,0.125047970466628,0.0601129257445689,0.00142709406325593,0.109103302787459,0.216058887060976,0.271072296340884,-99,0.19311165175323,0.145652449337332,0.106041057587123,0.0229988604841829,-99,-99,0.462618605226672,0.140107959540647,0.183226293278682,0.247434868129932,0.356252870244943,0.00388481759858897,0.044410582650051,-99,0.35023865922032,0.0222212688986006,0.336156492071464,-99,-99,0.0325425156277008,0.0799560001486421,0.0158988373739297,0.162459501296281,0.00943677464409868,0.231168275236609,0.465181257458402,0,0.0375920724615857,0.4141426528042,0.0309410695619178,0.0601901640520101,0.291609361356668,0.068536145535159,-99,0.087620906983602,0.15883006800197,0.0363466875852148,0.348357929982478,0.123966582379218,0.0631546604611913,0.221405574040616,-99,0.0224886712677291,0.145602567134598,-99,-99,-99,-99,-99,0.337757222700655,0.0427866981936473,0.127131712085557,0.0204564741916404,0.0565028922296859,0.340120794084758,0.00888371381838244,-99,-99,0.0095881422408337,0.130692666062108,0.00979278504740547,0.0435792113493857,0.362026903186131,0.121509237760929
0.0093124496707454,0.0333562386649772,0.0373711171035886,0.305544648642634,0.000935676783418353,0.13908728234256,0.127911661759608,0.0188353363306599,0.0624795202506821,0.11859741548101,0.275089007574268,0.413662214146262,-99,0.14915269650194,0.0689450213157582,0.137751160821168,0.30222447006356,0.116274798704076,-99,0.295652453155618,0.313900947368492,0.0386585123292631,0.0381942986385425,0.276156505859257,0.128733248198017,0.0988171254291539,0.0085567853215196,0.265662047189404,-99,0.0561062232906744,0.0447292293292752,-99,-99,0.419227210176903,0.457278806466859,0.0381089380562331,-99,0.019630945010265,-99,0.0997218660838673,0.0330347669454785,0.197251384334471,0.364714370883698,-99,0.024206144487312,0.0550335455354523,-99,0.127353350520571,0.220296114420405,-99,0.0226486489758069,0.0451104361771405,0.0182613529949342,-99,0.318502689172769,0.329208416096862,-99,-99,0.0524860164171695,0.0756032805242172,0.245550058562405,0.23379151919082,0.0215994013711691,0.120364830271471,0.0459079596216602,0.150143333916552,-99,0.0954171310172868,0.0292432424361647,0.0107749762138374,0.0426185339684858,0.142963630710279,0.0345426298028859,0.208706961408914,0.32487552172293,0,0.056149051505365,0.0293853740428981,0.14989028861168,0.16898024143858,0.0786579486237496,0.0453171227770941,-99,0.0580969470519982,0.01980390221185,0.258497640109158,-99,-99,0.236510120228981,0.275071515066303,-99,0.606697509522271,-99,0.195999597070747,0.0058042979070775,0.254284401665967,0.535912904150303,0.128592281538001,0.0782858956046573,0.343023961910343
0.161475158514542,0.00908558802906713,0.0506422245523454,0.0657520204276378,0.012170080602028,0.0399206967758457,0.0457006930085669,0.238390505576458,0.103549446298259,-99,0.0656519515590267,0.000944912330210427,0.000274650725575621,-99,0.0148042824298918,0.278367753909799,0.0137023582699458,0.0030669155603546,-99,0.220796457969774,0,0.00590447923465047,-99,0.222563109856378,0.0921497421698776,-99,0.171323775502366,0.0254013480765153,0.114684091005216,0.126676158468882,0.133694333106675,0.0923871980170208,0.104785632887227,0.214044024453238,-99,0.2042809532957,0.174977419215384,0.153193576208551,0.0542541554082641,0.0699943897099373,0.184588526825244,0.146048291802169,0.10102931236834,0.0544014322766913,0.0262958173525823,0.0109911357135715,0.406114160452354,0.0234435490262895,0.044891365907731,-99,0.0691464799788063,-99,0.0685174788835299,0.0756360939882627,-99,0.0430689950879725,0.0281629601593772,0.132583118544576,0.00887824819511931,0.0289750447448678,0.0136477385945319,0.0965554410816506,0.105270788539384,0.153071819063773,0.147370442916536,-99,-99,-99,0.07815145095708,-99,-99,0.0140931797002702,0.0478059988510248,0.173657417756349,0.169356165334474,0.258016929522235,-99,0.0558972656871607,0.276630467092327,0.00589779301079886,-99,0.0339788933002847,0.0408014078554021,0.00414212879697,0.276372453688873,0.127576946175599,0.127022743856892,0.0213654858310909,-99,-99,0.128597497538184,0.074568931777294,-99,0.129877547923831,0.0244145159102368,0.180261022695848,0.0703111972170952,0.0564779363705321,-99,-99
0.0528342470718828,-99,0.0512000407630588,0.127442529239794,0.550780126918914,0.00494931297389499,0.146059477704923,-99,-99,0.170730334777382,0.13810045066743,0.174838180958271,0.0155248983492923,0.185318647371584,0.426724648033079,0.0600321608004175,0.0833495209011187,0.266538781739874,0.0175268490559419,0.0941928505802308,-99,-99,0.111218290108596,0.0382413841921271,0.110571199312654,0.157748385896725,0.0395309589995745,-99,0.0119009415812565,0.0297540459043442,0.117065011042341,0.031973175125525,0.0465847116758609,0.184365146914021,0.283827206960929,0.243886773972897,0.030093074519176,0.585800537453307,0.197045206932545,0.301394978116066,-99,0.212170662927517,0.444727278342919,0.0910417963562506,0.17091716802285,-99,0.0125848032063451,0.0762416392598724,-99,0,-99,0.00204394318613538,-99,0.0210193975897637,0.0513466363682916,0.0273886215451516,0.145893333965216,-99,0.142310361482804,0.191457032562994,-99,0.449619499290319,0.00809755669375894,0.186149415382911,0.251160908234459,-99,-99,0.0017613643613644,-99,0.0723220989150663,0.00874805714727795,0.00734208057696213,0.0224920436739597,0.0729489307557197,0.204617691407352,0.0703705936316217,0.0342702897521245,0.0850909823643054,-99,0.21512051639614,0.158353868362508,0.0196379347560814,0.131130845495528,0.0258407064171453,-99,0.0681864637992701,0.0813197563007138,0.0177690394750104,0.42357089663813,-99,0.0395812347104474,-99,-99,0.223479106229583,0.160670019893187,-99,0.529828297406255,0.00365471407562896,0.0127459638782643,0.00442643332031436
0.273038705901538,0.00478572733404641,0.0299523800590315,-99,0.290734049628447,0.115926272376278,0.111264856287828,-99,0.0526063207637735,0.0505749969336184,0.142205515530248,0.0867170162342837,-99,0.18804871308161,0.0162934472179098,0.128891631310607,0.0643511914170033,-99,0.0727135091288331,0.14795609639395,0.0187043290400406,0.0994073373136322,0.00858080338087208,0.20564754316484,0.215819907393967,0.356287314464438,-99,-99,0.132174020601961,0.215297227038589,-99,0.12478160570781,0.0788247872909377,0.0203010432021473,0.00957578779548888,0.00535094670987547,-99,0.0157009040375241,-99,0.304261352103634,-99,0.131086239478051,-99,-99,0.0401818925309125,0.129423782864019,0.0101044674625453,0.00283578589215525,0.340506525474413,0.13454223920405,-99,0.108624758555617,0.0684491402142788,0.087863157259657,-99,0.161201962174741,0.0929363128135334,0.0149091861441608,-99,0.0208706483537704,0.00566411825415195,0.595184581006901,0.0170637751899058,0.109364301121558,0.112528057368522,0.0181624179224854,0.0292355885687981,0.0302679907214364,-99,-99,0.0975526367898839,0.0999134264994303,-99,0.0461176436017427,0.0335899087579222,0.587486485563103,0.0436514420317476,0.0392856015912159,0.146684145340647,0.0473903772533924,0.460512783155781,0.227021971623361,0.0810937183442385,-99,0.0467020709192477,0.00454359101729595,-99,0.0186926272608419,0.132880219081876,0.403766916907553,0.0374636328926896,-99,0.154003015184456,0.0184365142469899,0.335370779936849,-99,-99,0.108977134586638,0.0739622484078592,0.0582358044631943
0.0675213306573808,0.239850264111398,-99,0.0646188822731642,0.267162639477944,0.028880105705436,0.210866921891015,0.131149127260049,0.0680760675708435,0.155168374185724,0.0051682608847945,-99,0.379396314851295,0.292050767488216,0.882296934994192,0.128088579152184,0.240992744249844,0.0157301572814984,0.0936179360037061,0.166052825049621,-99,0.0112779133221098,0.396593010888698,0.0338293958490766,-99,0.195544688823386,0.0401915933353107,0.051697656716639,-99,-99,-99,0.315171702680147,0.0191034655880514,0.0933230023395145,0.0241560875354953,0,-99,0.185068349616673,0.093003533783963,0.0409402347469862,0.239156082910752,-99,0.200811133392138,-99,0.0214702992721533,0.376411435259834,-99,0.243141287883884,0.022227319142596,0.0714041807425331,-99,0.0137663961105409,0.107535687032582,0.0057368829890006,0.171796589706084,0.0320247175233505,0.177744173085847,0.069462380271585,0.270258167096163,0.420495442392034,0.271934941757464,0.753605854596443,0.283835412784315,-99,-99,0.176154661483256,0,0.1551305723918,0.0396438309203531,0.331296802048392,0.284701477498581,0.192679461675985,-99,0.0361107173048596,0.0502389335420116,0.290921480408859,-99,0.126008480725796,0.165614157721295,0.338933079395476,0.0105307106804898,0.355448587373666,0.2254858566587,0.407498972551763,0,-99,-99,-99,0.372844506669244,0.015782800966357,0.0220346763970419,0.480418268076085,0.424602244285487,0.27301743992571,0.0361492842402551,0.222347713466331,0.00631464111100281,0.00766827281884712,-99,-99
0.178951769070772,0.115641325473275,0.482106220059215,0.00591933275041892,0.0200628923574426,0.14859647911998,-99,0.202819147418109,0.100589415774636,-99,0.102837451149003,0.142096359889494,0.334182124971072,0.0710461313994764,0.153675742951307,0.0507124524622829,0.0606868092269793,0.153653638978612,0.120042011414328,0.0290802162433337,0.02318942153457,0.100731436665867,-99,0.263115324123608,0.0417366022559229,0.272603631654398,-99,0.104267220311091,0.0330660520546159,0.01258322755715,-99,-99,0.294744790238086,0.0896720585871165,0.0352097065518327,0.230804185054469,0.0108714764416769,0.318765457888677,0.0604381903661447,0.111782867486949,0.115613955740021,-99,0.383009914361259,0.00759171181600771,0.357924287454454,0.236950046492227,0.02327926056713,0.132223862245178,0.126749161988185,0.031094253527646,0.0366107481652616,0.00724931065884365,0.128844261416185,0.112303867435969,0.0290211772164475,-99,0.0479595203517837,-99,0.311492533520697,0.082030856033192,0.0170721711162701,0.0586334249861189,0.000614444069391086,0.00286399965097437,0.0297933249731384,0.0858018365510388,0.0337646082823743,0.0400766971647496,0.0653566534669764,0.0641832399306788,0.0837733278669514,-99,-99,0.169848576663866,0.00399673974970407,0.706214065735394,0.0925264509193324,0.150637474222972,0.101878459767964,0,0.00515800552847568,0.115239508478821,-99,1.95249953221397e-05,0.0649534121865371,0.0157257700317683,0.088783602574224,0.172120189907634,0.0314916326346241,0.0749274190349532,-99,0.00362560755473903,0.0373541891309984,0.0437039285092999,0.0144790286536101,0.391640338522131,0.048375548732617,0.0683126722549404,0.345865078868557,-99
0.0730219711495963,0.177611550389694,0.0271031118165024,0.119833022134795,0.0316555604404462,-99,0.249683904472353,0.147576707966258,-99,0.236468438437872,0.560535046434121,-99,0.27129380607188,-99,0.0952347652737772,0.0208413491289677,-99,0.154996772104076,0.226762711456857,-99,0.00638279352490673,0.363880783684245,-99,0.150978997239985,0.025100174765766,0.144065200602994,0.0241031681914049,0.264494469623624,0.20598781889449,0.255425230376959,-99,0.00982043772469869,0.0551732777973473,0.142030407458545,-99,0.0821995828025883,-99,0.0684331196608229,0.152310371173639,0.0347628107356922,-99,-99,0.0185116926865842,-99,0.0434253606358346,0.28206671557153,0.0210330171443473,0.124875610614483,0.0495691342940189,0.173887993682756,0.0111321690396817,0.187080711403752,0.156857915434222,0.00723167187704606,0.364989301879848,0.110696048963534,-99,0.0398808052959916,0.42142809499091,0.0177662151550651,0.167142181504587,0.539933859897734,0.386273827225959,0.0679581314439093,0.354483961118165,0.131080024746768,0.153943430709595,0.0247995130041587,0.00566990690587756,0.0558282781199235,0.0915677777328743,-99,0,0.0232213867213873,0.187380984770498,0.0664043628447509,0.414433637260487,-99,-99,0.250189453140874,0.046258458359975,0.0724406240081239,0.122176131638222,0.209427227725476,0.0859220694427008,0.0118274186013641,0.188429716947276,0.118843453531806,0.0747165736252342,0.086832143664864,0.0757070883333242,0.0767719774524265,0.632174263336925,0.278990459665977,0.345700392948392,0.0648282038621416,0.14314480547001,0.0460194124287888,0.320366193651411,0.168096520320597
0.0837764753162272,0.145160602093988,0.153962640576041,0.295823080102385,0.000986410618951097,0.155569625465716,0.227427380951,0.047197008131507,-99,0.210714932431259,0.134316654689627,0.00892324950722359,0.117993941345161,0.0725295490841856,-99,0.00937859975058781,0.0560280488732758,0.00880211279526765,0.0395687713389037,0.0833211707425293,0.156557432968129,0.500888207340249,-99,0.0443295143302481,0.00303678607353205,0.470907626112379,-99,0.162572851163645,0.121523117986852,-99,0.156929699105881,0.0121790875029576,-99,0.218532851553624,0.0117835024986591,0.0911994384380293,0.177123877990778,0.211363574581916,0.0689718956017902,0.17163242831289,-99,0.508312710849894,0.253595085370562,0.0839886965227017,0.0310641111496333,0.307422630904348,0.160774075223067,0.200664052376997,0.363559824953967,-99,0.000901690057560289,0.0128950497009527,0.0780530410959736,0.0419401100214175,0.267907306972744,0.01266965789374,0.20600490175485,-99,0.0256442947171706,-99,0.0114868558420377,0.0310095421680553,0.274729194014806,0.133880633130234,0.232906846001054,0.0243913755220453,0.025915033575139,-99,0.0488735603423084,0.0607824151077739,0.0186098970974676,0.0297042559464499,-99,0.00528285053447086,0.0628591419873906,-99,0.00652299359445333,-99,0.13722366429806,0.0851698082562114,0.0384430387639144,0.191863061748662,0.159395614315789,0.0779505648705728,0.360702335576866,0.312841807971096,-99,0.0938770408082442,-99,0.240897642935866,0.17749391057861,-99,0.14432001005792,-99,0.00301853113885728,0.212732556497418,0.00600073239077891,0.0665191882968963,0.0438009041676339,0.149330589971455
0.324161503430296,0.0292529622384605,0.00659264419823664,0.117252178179251,0.355786459257808,0.224895414246133,0.524411995596651,0.213903053245482,0.38536075883697,0.215958838254039,0.0310935404039862,0.0627315723821438,-99,0.235088989661605,0.0412999075159611,0.0101149029739477,0.0341232244838151,-99,0.0265829161154323,0.188402507688884,0.224877874963302,0.0476642239607266,0.047149115496028,0.0586141429132341,0.00813858227543473,-99,0.019997830925507,0.357262151887917,0.000472777608889484,0.191012617544614,0.01775606851126,0.168057658729861,0.0664076373979302,0.140821842549632,-99,0.067968749229418,0.0418860131616244,0.18860511907136,0.185102724208396,0.119869935111934,0.131603125356096,0.150336994292673,-99,0.250019320999808,0.0960224866162062,0.208040392436277,-99,0.0170050767148998,0.238139924890774,-99,0.195810698857769,0.00441062677998902,0.032887391160854,0.0551389987532365,0.404698365125538,0.375018181403314,0.0431187588772245,0.083492026692432,0.155561649033362,0.0545398044924932,0.286932805366614,0.249023310928921,0.041887911460782,0.394126619783579,0.133633950512696,0.0308643798343641,0.0901293650754016,0.0917535134679542,0.185172942142446,0.0372857057780256,0.198202948372471,0.04534255602951,-99,0.0915532546879987,0.114116549365881,0.0561147044386012,0.194515226346001,0.0154025992027597,-99,0.0627359647110487,0.20249362434331,0.0527598608252155,0.0109263752143702,0.186603808875703,0.0261195137546218,0.715967466578432,-99,0.245736486927107,0.0468947991457052,0.153572123979036,0.0433993669485887,0.0347452341916968,0.105536725364626,0.0201140808040686,-99,0.119808257822562,0.240425737774565,0.030512585312272,0.184822064424814,0.179797372301989
0.129189510931965,0.0575142959565288,0.0420790789256443,0.098775072262827,0.0123372583354914,0.383748414516336,0.150559533371408,0.118174948126793,0.00418307678766876,0.0996964146283577,0.331589259583359,0.422645944651563,0.029026527583716,0.0121295908431319,0.359952341866907,0.160250603320664,0.140888076691226,0.069705852968614,0.0370119904016055,0.0394496085637863,0.148272400797844,0.308349647499724,0.113067916398984,0.158289139508434,0.227297573826355,0,0,0.480536239457157,0.0530556533269653,0.00481415398616154,0.139875558940426,0.0419855144051435,0.0353822471635538,0.166287575086706,0.153086206002493,0.219003641110481,0.320209901792178,-99,0.0282860617067242,0.230563684466671,0.35262340437712,0.0574981836189578,0.182887878307043,0.242552009597516,0.14506539864668,0.452934582773832,0.11986991746271,0.0450681122738849,0.203097765614352,0.000945533036382868,0.174143518612552,-99,-99,0.0236023690359831,0.14119054079587,0.365435426231127,0.555521225390834,0.0694629882062441,-99,0.083630533581764,0.0052058980914991,0.145981461464324,-99,0.00856427932412882,-99,0.218485829646719,0.110265231910097,0.101230403053025,0.210453465744974,0.00744390479646203,0.021823593017078,0.0569160318035967,0.140512720066464,-99,0.083300294589499,-99,-99,0.0579771213350624,0.283007399256025,0.014881112476476,0.0970376052623416,-99,-99,0.200631007787236,0.164563595909336,-99,0.301113981642117,0.363582134791856,-99,0.249896083399993,0.0373354477868967,0.322424670421852,0.00506989529005935,0.0555600053064639,0.0257640702711774,0.354294889011869,0.0970203397130334,-99,0.0643883508347222,0.0658282464212515
0.149469675431529,0.0426436562512875,0.243550502916079,0.0656239028473112,0.174100382594472,-99,-99,-99,0.0114101723055582,0.228433497339059,-99,0.106365117786059,0.147506540075914,0.0343776872082651,0.404004626923482,0.363618484759374,0.347475233228173,0.0151648197899601,0.442291273106931,0.0314102671673196,0.0550345047713286,0.153575673494497,0.0115712198983264,0.0061003512805029,0.289182799361572,-99,0.0595862490641827,0.0288053466520963,-99,0.0407797899974548,-99,0.0156680853320894,0.0213539880478206,-99,0.0693783252345607,-99,0.542132120818151,0.446786227501901,0.236422986848599,-99,0.241365680837385,0.055266375176973,0.0532007049311641,0.0329829628303697,0.0207866871422438,0.0622504501276339,0.00749427372752091,0.212817765029574,0.2098337045198,0.0791644305940511,0.0759802469372514,0.259671725381021,-99,0.148596984995419,0.52667206295123,-99,0.0660622015691004,-99,-99,0.149604233565981,0.202139197698092,0.147445109568391,0.00596879147263105,0.00913531979957634,-99,0.52927193750256,0.631003746792295,0.00865229834293166,0.578163476529803,0.057844585201323,0.0698783020980151,0.0300390327730176,0.129544793212016,0.235605604116803,0.0479681083094512,0.0981978675658468,0.0698122762930831,0.00598967629710823,0.176479547019504,0.117219046222192,-99,0.240558311118461,0.00294052104385581,0.137885698245675,0.109793557461901,0.231534902856196,0.150275542697048,0.0260778794963454,0.0989600041317865,-99,0.043643323915476,0.0671119791920644,0.0678170946057531,-99,0.0348477696290306,0.387548121534421,0.0653333271875004,0.0130764628790384,0.00502182295874275,0.13418846693102
-99,0.0202582520771967,0.0307966584981844,0.0186044759642091,-99,0.189670252420643,-99,0.125819887513975,0.384293868384565,0.0576652892711326,0.144040050707772,0.0352013294193072,-99,-99,0.305717023808998,0.107548582338095,0.132359053352852,0.0936744886883263,0.0274091180163119,0.0282614723218997,-99,0.0421995339387188,0.118867508431906,0.561653494373212,-99,0.0508320942792592,0.00794182057707574,0.229795061753663,0.0124467187066182,0.406655939986701,0.00455814476703817,0.00762486630125003,-99,0.309043055260646,0.293994604176813,-99,0.0913944832037671,-99,0.199722147976953,0.0124540767147099,0.088609266137788,0.279786525315072,0.0798386975813722,0.421785524526516,0.174330936673025,0.464679722922444,0.0391569777618978,0.11283378401829,-99,-99,0.0747310377995898,0.0089618425116592,-99,0.0346055247601126,0.0570186432618392,0.00749472461222588,0.0685079654255009,0.00288281244444077,0.0127547200148372,0.0868749231240555,0.693745120127379,0.0588065323490016,0.235422210861887,-99,0.215148416087605,0.153327041738971,0.0940462414757424,0.0309569133210177,0.175887320118693,0.138001256710864,0.171486702068401,0.00510698182872088,0.250934938868545,-99,0.251767885649528,0.0077248504530712,0.279901885241174,0.0697721878310439,-99,0.340518107651843,0.153382538758699,0.0794009126722066,0.00971883897929306,-99,0.0578814658251611,0.113653387128817,-99,0.0610736210392382,0.137169269590592,0.236826850392979,0.109820151789367,-99,0.0880370116676431,0.339043205704302,-99,0.020090885754914,0.512134758743383,0.215283887496253,-99,0.259801318176761
0.0505101348810915,0.0453425390345297,0.0566956396715809,0.169558321062608,0.379011379164582,-99,0.0939119557337574,0.477780681704847,0.317668314804266,0.140393391292639,0.0664136720011972,-99,-99,-99,-99,0.042822300676419,0.112025373141428,0.104220158908493,0.223735258921744,0.154577024132257,0.350452224885787,0.0649668606682294,0.0614825774243457,0.00651492723836696,-99,0.21905583352994,0.916325302189507,-99,0.0566451597439697,0.0220643427286265,0.0500454554820235,0.0110852196456166,0.19011339333441,0.263146675488349,0.22762574686331,0.244033852544271,0.0961011250436979,-99,0.0892614185803972,0.349956642754488,0.246535526554545,0.244173737203061,0.375688690264896,0,0.0875462264430877,0.0427524508933536,-99,0.0325988532695806,0.0174174293108308,-99,0.268227279314094,-99,0.000461963067774165,0.238576094344045,0.0408460297705087,0.169867362494049,0.437898329244934,0.351309926756054,0.332712812950391,0.133944535215074,-99,-99,0.124725014298422,0.257277722356475,0.059394598473755,0.446383088051093,0.152628931469866,0.401014357614523,0.000218221453223366,0.278746843576248,0.0987675145830393,0.0577268574019013,0.0250733524982826,0.49554193607297,0.0288534707349654,0.0333550429622575,0.17303123638312,0.0467649427283913,0.194633763314568,0.296870996702104,0.0947842196085411,0.108865130969259,0.0154268748628112,0.00728877650295456,-99,0.147584418688373,0.00688251396667312,0.0204788344292212,0.243010568551665,0.130531932723398,0.0989655961410499,0.221550470444637,0.0772136632833389,0.307094984914698,-99,0.205701632650685,0.0952593128119192,0.200331076240607,-99,0.172446247224064
-99,0.00594642603262587,0.167905854996442,0.00444349707111697,0.059685350328504,-99,0.155378120341828,0.12008452973656,0.0185610322984751,0.26908935219893,0.259368412745302,0.00167597645786272,0.0357548965995493,0.188518313445027,0.0850165878786909,0.0277852405970617,0.00387192467632811,-99,0.0828313531281167,0.144293450645266,0.326303192912026,0,0.155039832657875,0.0128338683384051,0.00501145285751015,0.0706058543844635,0.0225316596951278,0.163189526724704,0.0411204480578982,0.123865617844768,-99,0.016558441485155,0.0372250482538286,0.00215181814976744,-99,-99,0.0791845410747346,0.0711584138810024,0.139578449621063,0.242541303849922,0.119039809059406,0.0438470537607445,0.114921250414816,0.0242456073922961,0.287720336473509,-99,0.0214395157365011,0.0647224623970349,0.0893148849332233,0.456771011534938,0.0271927851768197,0.630895510262124,0.132803471924652,0.00211012466229711,0.141954841974862,0.0852284629628064,0.0424382733124696,0.181424825723134,0.0481601256634304,0.00959753816809829,0.74969927371304,0.00385023143450845,0.062089050630589,0.374590110507625,0.0243919072461592,0.0274950047117712,-99,0.0231790144977789,0.254335170924155,0.078739736697541,0.0912749649622012,0.0799995288048365,0.0153330619531891,-99,0.106962371546789,0.0122321375570321,0.200033076489259,0.0973076403443915,0.479954980579178,-99,0.088537228197154,0.105135903279372,0.0834995682208321,0.244723759693921,0.02536714570913,-99,0.0613905403399049,0.0906765762785574,0.0581169333413879,-99,0.311226180742927,0.0997698653091843,0.0433937450035733,0.0742997508371743,0.0713963370396184,0.117877840865695,0.242485863505709,0.0162823974361353,0.0430287702914221,-99
0.0239255417033894,0.176094746444135,0.31463754348788,0.00104368005477723,0.072415802849951,0.0517801136815798,-99,-99,0.00317046579958334,0.011627138584118,0.142509528191079,-99,0.13217555888171,0.19622780403188,0.213470967972834,0.17091840983521,0.158736794357741,0.0268039553855475,-99,0.183004493661436,0.0112736309746269,0.0180662995890221,-99,0.252768731456179,0.0804660596359696,0.38566334460169,0.0944994992363994,0.287719125163659,0.0894134027986586,0.0174649553712878,0.0857160915364539,0.0211748501575979,0.0368113860384393,-99,0.00276015865277764,0.0995243480606397,0.365651553508703,0,0.0359823928801665,0.301817529944717,0.050826150695832,0.199341968694053,-99,0.641760482277371,0.0955256354789743,0.549519253532608,0.165782522043261,0.0198998081025034,0.200485949604841,-99,-99,0.206200165455551,0.00984110167833057,0.155667219820201,0.681662708446264,0.137465292228722,0.0750482793391636,0.092552036196769,0.0584947789552331,0.148178370130993,-99,0.0480295243434452,0.0718342877358437,0.00902259250003204,0.0022058744687841,0.0725805161319607,-99,0.185777974414385,0.0679988896209568,0.350918574545551,0.0185627305376109,0.00144040597915981,0.0427388255780346,0.0658377522211628,0.0386908323158938,0.0157282712974223,0.0546022116707966,0.0220546334840748,0.222937818958337,0.0126153586854973,0.00230602310340041,-99,0.0924758542964609,0.132504249537758,0.0907036083058571,0.246449725817226,-99,0.163451370826225,-99,0.18039036682992,0.0225044810191803,0.00904856931202251,0.277475348644889,0.0606785124560704,0.0909219816142508,0.107803880362106,0.0484991423481471,0.0349862768271709,0.385495039762742,-99
-99,0.100360747913706,0.328492881619488,0.0622575903279633,0.0191157136771823,0.171809450630463,-99,0.0839465239499865,0.372267703318561,0.00203656386011056,0.0336677767010832,-99,0.00825708719169685,0.197720343102438,0.0970810835863438,0.0161970402048881,0.023591692030508,0.0950214184829559,0.0250014117434543,0.255198807667978,-99,0.384156831764133,0.349183886250894,0.282797142186492,-99,0.157203551499777,0.266787612972793,0.0132887236766254,0.0107301118317948,0.0694354953182435,0.0958608451953758,0.0772641510369108,0.205564324049609,0.184323847755327,0.0305058543376392,0.136740220445067,-99,0.083035322190991,0.601519255295012,0.0972144766181099,0.0524935280968112,0.331678283493204,0.196005322028434,-99,0.0947964080675927,0.317435055790122,0.0856866310393048,0.0953736318584889,0.0207440440951122,0.0202937890750445,0.130646299184715,0.0245371965126955,-99,-99,-99,0.0664296500473269,0.011560058842963,0.209790289668399,0.333084000889295,0.0210445063749534,0.167683069199326,0.19439622270485,0.00252215285972958,0.168380164886055,0.0185290423271857,-99,0.124171681436869,-99,0.0573492312391388,0.231799433991653,0.0473968720534316,0.0829274899299924,0.0415426955357121,0.160007817270989,0.0169309728979429,0.0640136087398726,0.174154690806756,0.13434568748144,0.285684899637631,0.34062165300712,0.00073468672214015,0,-99,0.220460297617725,0.205313776231248,0.064030532978536,0.146749691696237,0.00215978159946984,0.209449878331532,0.00881332276263391,0.121609582856952,0.00935853667887301,0.0982731391189638,0.0772887658543888,0.0488186785444872,0.320447973277222,0.274473704165852,0.0734073442757145,0.246424883627226,0.179454738138214
0.0391031473380885,-99,0.113482638296244,0.0437869857935587,0.500686848171208,-99,0.11798921865649,0.215761030276194,0.131613531007775,0.147434289554489,0.0142120587395441,0.0673194968496304,0.0192671084825413,0.0530919295392208,-99,-99,0.0798125071342114,0.114765158024453,0.017429542430028,-99,-99,0.222825382769185,-99,0.000754442771912371,0.12521455031024,0.237449229759699,0.10511217603293,0.196935759157065,0.104373742394924,0.0498681204636697,0.273202392279508,0.0578020345645043,0.0763899722076301,0.172748933222995,-99,-99,0.29598854426846,0.25317112860725,-99,0.2849815778965,0.413110765079619,0.255729638600577,-99,0.0712519159866321,-99,0.0939785677378968,0.141237076585356,0,0.156597581872042,-99,0.066283046217608,0.100983076773525,0.00136797871303861,0.258400452925425,0.0727627971899253,0.133853134168114,0.137451656975124,-99,-99,0.0215505493056466,0.0229865102118872,0.0804546331207549,0.411246660720608,0.109913425648939,0.275623190983869,0.00722551924699733,0.336262665726945,0.135108095295711,-99,0.163975782935564,0.0466313368738836,-99,0.0228528454467818,0.0487290679630491,0.0457634330211703,0.0952571822571768,0.00671842788083928,0.100159512045702,0.47219313509384,0.201656942368151,0.100386565024605,0.167113711934616,0.0319095251945485,0.0239274207336143,0.142317092217579,0.203752867493717,-99,0.126350021569259,0.121289362690579,-99,0.0630580485534532,0.0179125738812057,0.0486202263387217,0.241185003416329,-99,0.518737978849901,0.098003480587293,0.0748964281971048,-99,0.071718308084893
0.398771583418223,0.229892673756603,0.107534774963443,0.00921483255176848,0.169707904285652,0.264992793898829,0.422704484132875,0.0202479495968175,0.100305617915734,0.292030673091922,0.0560071980392113,0.12104086800502,-99,-99,-99,0.531373171274092,0.034133800420762,0.111629876786154,0.0273424903841332,0.0331996397545565,0.123267011869408,0.515983727299172,-99,0.0165470901916101,0.467647676886974,0.00200512689601625,0.269594404483122,0.00104538106007424,-99,-99,-99,0.0155243423007452,0.381322878824997,-99,-99,0.123027632161814,0.134600059616581,0.0218896150524267,0.00270851373465892,0.0505424741123298,0.0668239358598903,0.0711670643793461,0.406001786575218,-99,0.0506219404383569,0.0386811994841114,0.0602616216464365,0.10435874078278,0.0785751013900246,0.0260890919736061,0.0429659585688648,0.0528120625100968,0.0795723037403382,0.0416875318899695,0.0346218047468737,0.205525827229183,0.141159229282358,-99,0.0655118036367459,0.163012008328831,0.00797432742376517,-99,0.355164622332011,0.0686025892315852,0.181271621434992,0.098584593495717,0.0807076677017239,0.0527565862676785,0.0661147623008048,0.342354293390851,0.192547815690084,0.0335474516546824,0.0420391344986497,0.0889064898697327,0.199712704608369,0.111358910383077,0.28417009594033,0.0293301608786552,-99,0.130217781699448,0.131598899463234,0.0541859024007331,0.18379290484759,0.0828184598351081,0.564911814290502,0.0278004053265081,0.0288232575477766,0.0387087322534119,0.404780470270979,0.125403795604879,0.0970736905663416,0.184945124960913,0.24277703063893,-99,0.0952250917900832,0.0274392271658587,0.0677332318268029,0.0863656659851398,0.377260510456384,0.0563056260828854
-99,0.111385516033001,0.00286477873747814,0.156019782106664,0.0600738429894968,-99,0.163412567544351,0.0283253013736229,0.0307176479030498,0.0326164126904514,0.16021161946538,0.00134042524967113,-99,0.317187043120364,0.0671999843022988,0.0255010289621301,0.104775555341222,0.00302677625043629,-99,0.0543730326815623,-99,0.0395701791985766,0.072011865149446,0.19424441237947,0.418137357828024,0.128532038732259,0.180121382244595,0.0294426190539831,0,0.134619866730302,0.0976218881253429,0.00405398754329223,0.0214403633680876,0.00811290600799899,0.157311883810692,0.186970853111964,-99,0.101326258199274,0.0632536694393596,0.103123274893258,0.180487983484607,0.0268064919403516,0.0746304456698272,0.31693917314911,0.17590742855451,0.130864565354012,0.208449509570697,0.189420096583922,0.141070425850725,-99,0.0150461797491083,0.153751947573917,0.136267919017399,0.0268481748916059,-99,0.139167151800989,-99,0.0921525616970984,0.0764260117305818,0.122141160578522,-99,0.0566706657314069,0.0584860957805557,0.167783391031352,0.0343095406649079,0.199530459219433,-99,0.128570264499237,0.0599668483239248,0.0801027689165547,0.0280434250515523,-99,0.00282666941853245,0.204083160868179,0.386226190437837,-99,0.283529831067272,0.057402311786773,0.0789171287537587,-99,-99,0.110245258236674,0.0517835461133151,0.0726794423159993,0.128955333160663,0.0915444904159673,-99,0.201356583021301,0.0454343120473033,-99,-99,0.0568308793852082,0.0861516521909529,-99,0.148617565660571,0.305350237615801,0.202630652113836,0.0225571057910101,0.0472237099884891,0.0199738507659793
0.092856935918969,-99,-99,-99,0.165970464174327,0.025962667113671,-99,0.205099006989315,0.502440250922207,0.398876398728866,0.23702238296795,0.669130828844637,0.146573525553774,0.125177777757923,-99,0.0295440344588058,0.044433464159216,0.0425433997122226,0.206618296150207,0.0372622424376767,0.0292829876829434,0.230273909943573,0.0955320655554768,0.0757695150150788,-99,0.0253686597541374,0.0782508300977953,0.502115955578802,0.19622346219238,0.166115317956803,0.123204788227381,0.0932115511080357,0.129647675823079,0.236395701149925,0.223257191280505,0.0851970823460958,-99,0.474380103781262,0.0897189300242786,0.00792732504495878,0.022578309225384,0.0705138642892974,0.0454313439051091,0.207529635489409,0.0915277834250676,0.136586483832696,0.0458066278602761,0.0344207373329756,0.000122523418749756,0.0183619351174747,0.0984167936937635,-99,-99,-99,0.102660651787458,-99,0.311243422091062,0.00898782348804456,0.0810745452673994,0.143240557964864,0.0164373845392656,0.0708752372636774,0.221633980787277,0.126245335113716,0.00298618661415378,0.000994833126535073,0.295600982478255,0.334336489008135,0.0764743722850724,0.0355597585234111,0.1512690752947,0.0815220340374043,-99,0.303809516057716,0.0193888329394458,-99,-99,0.0580354556214163,0.0153354689812294,0.00629415000850589,0.0451659463309996,-99,0.171448428931549,0.0100113345396861,0.0256759142523728,0.0426661587654973,0.248166017921852,0.2557972012566,0.0571060931304462,0.160673788511018,0.0791815872190336,0.0694292888090621,0.0810751858038937,-99,0.23019672073925,-99,0.174662603344864,0.152028314090748,0.247934016009609,0.185141232404645
0.069502451235971,0.338260720832797,0.147289696537732,0.10721385152334,0.0321038742580168,-99,0.0373838594898139,-99,-99,0.131500867661003,-99,0.573699386931912,-99,0.158218565158635,-99,-99,0.0199753342246361,0.00993527123602752,0.0468624354975411,0.182811027190601,0.00929853518490698,0.0564602532013275,0.0939209493283117,0.13937966200521,0.00262312671732327,0.28831504523692,0.0334120662357978,0.0248582750686582,-99,0.0183110384311924,-99,0.00295298279477403,0.0204778709492101,0.00952558782357844,0.0924036568068384,0.01058320963043,-99,0.498628215578612,0.0852899252573314,0.0589103909283933,0.0373222416259905,0.0281843118151064,0.0465858787629308,0.10075037149386,0.276039244502736,0.242839203197778,0.0306860832671404,0.088522596101829,0.0904410898547831,0.206524357085143,-99,0.190774641811427,0.254627911746575,0.111241533837436,0.0865541314207413,0.0145758376781937,-99,0.136473307298968,0.18295815306016,0.034775399446907,0.0267315600100198,-99,0.341536563981098,0.567261242307358,0.105985700067281,-99,0.0272044659989202,-99,0.0611508612034694,0.185374412767739,0.0693430268067523,0.0110039509969372,0.0530756091344595,0.0470167506014665,0.00910526631199864,0.0453224614472821,0.147841310279978,0.00778812305812381,0.0798455872762121,0.0391473867258756,0.313816439320744,0.153449217173133,0.127214793962714,0.390829467513312,0.0413352385083096,0.0447362850680012,0.0753485741957333,0.207987058277034,0.117218194812887,-99,0.0641084185996733,0.0966583857378142,0.0445070031041895,0.157801142221734,-99,0.203212690543095,0.0455530458244222,0.0395970557497188,0.0533403560613595,0.0649073339492778
0.0567121385169442,-99,0.0413687467082269,0.141806841099177,0.290331461282403,-99,0.00220611601023605,0.10938738719425,0.0967246258526618,-99,0.0482674140968731,-99,0.217724976937115,0.0758308413510104,0.260123069864871,0.00847896316902236,0.014622362993891,0.1676683929098,0.237438915568776,0.276702938169467,0.255161432323839,0.088477954147918,0.0246438037216007,-99,0.377670272798164,0.00741716043835006,0.259232297052585,0.00660031655601443,0.394767580697615,0.189780699503065,0.0047465574737403,0.580857689470866,0.0410699621635272,0.00715310375625064,0.0277190554820339,0.0210714900499044,0.0223709975595368,0.0171472294255147,0.00159557665995741,0.0826885833078692,-99,0.198496962869757,-99,-99,-99,0.00860622441534753,0.0927743083852178,-99,0.092862431702484,0.0740175464265477,0.368788363818401,0.0463731112736105,0.0496600177227971,0.00918722954686585,0.415299163416413,0.203666970863996,0.407250078217353,0.0465224735228461,0.0212458285151031,0.236888733335341,0.421055796286438,0.0174089513174852,0.0677682472162482,0.184812838690279,0.0856669420623466,0.0392279180238821,0.124862395300143,0.0222005056410303,0.138404919390872,0.0432507044008558,0.285778192478346,-99,0.135759492312286,0.5828483462594,0.11277487765251,0.177840568279495,0.0493911719814327,0.0598566734351497,0.189968653676421,-99,0.172644686249882,0.0821850005472437,0.0399863655873411,0.0291192050116843,0.0527601423451855,0.0478883952351045,0.0689618297126582,-99,0.230896771657066,-99,0.0503143683854462,0.0112041993834823,0.369015194033441,0.271642825804351,0.189909870218808,0.0242786350279778,0.161229443166705,0.1899692667971,0.0144192718415265,-99
0.167077952009942,0.281229679841393,0.176289180628633,0.103307949179907,0.48271491387063,0.0283490960336254,0.0864133040769909,0.0774219308509101,0.0471862895607833,0.117069027821898,0.0697100727635998,-99,0.148051990440697,-99,-99,0.185914441346766,-99,0.478549492703959,0.02089912791688,-99,-99,0.102958238824021,0.0640291681925529,0.00206002132868008,0.0485064195271279,0.11348379532047,0.0295678938174398,0.116115587912855,0.0639165833422742,0.13524509106411,0.182374346158539,-99,0.0154339148119914,0.100965148481768,0.126549532917547,0.0375200422283757,-99,0.381543769811685,0.245149767294649,0.174551188648283,0.110733298886603,0.197301766387494,0.417099725510192,0.0126591500204905,0.214442354090518,-99,0.173739160253644,0.102152884473697,0.278235336699564,0.396042912493655,0.0637879753776121,0.0070330747546829,0.00903753712149162,0.0748941253668005,0.00900861338388296,0.0136779720431713,0.0428087658905749,0.00135367432482389,0.18046458711743,0.0885115137866274,0.23425182770644,0.047789150017703,0.180440265867998,0.361561385461642,0.104698495697379,-99,0.299631387700513,-99,-99,0.295524569175567,0.205397378992616,-99,0.148309368543355,0.346081278293685,0.0159246603222602,0.0117278235371011,0.172645142989813,0.00555097096901252,0.19027071146706,0.0314794648607034,0.174184859379755,0.172786429416834,0.188358652208523,-99,0.0377630605975659,0.162090773173874,0.0141420101466514,0.0898401346932538,-99,0.136279555031846,0.0841239964188093,0.00274099952158701,0.245755695254325,0.158548545001259,0.0534084731519886,0.261381073308369,-99,0.115513210905626,-99,0.147741738670632
0.000604459819994861,0.289693299561663,0.102344497232337,0.0389316991657457,-99,0.0894867876499403,0.264256357521145,0.0430225074171039,-99,0.0593615451298551,0.0582634613057919,0.112132796599938,0.48967654681887,-99,0.188735067285468,0.186037827484426,0.00276702692092954,0.0649132817232191,0.15777579562209,0.0269288379052465,0.419185430056664,-99,0.121718770838664,-99,0.0189433792534203,0.110021119715116,0.202933041631926,-99,0.328484009978251,0.19104747707332,0.128070247423437,0.0488029616701303,0.347486095093575,0.146949591638907,0.0852456725389668,-99,0.0917497238093277,0.144375121631257,0.0439976929975313,-99,0.0385777451609921,0.019423732957543,0.262749868532156,0.234651172919877,0.247114732478675,0.023200962191902,-99,0.0791240020585299,0.0186627154519784,0.171816955635137,-99,0.0223486744826403,-99,0.0751180566185491,0.0425475972915229,0.326095965097347,0.249256886602351,-99,0.0094493975082811,0.0230253473859824,0.188421770519288,0.016556238197324,0.0809929721985596,0.0621625629287857,0.0933905462651556,0.630880385703793,0.0995276347293347,-99,0.102089621075946,0.0114477108465884,0.0615972049319721,0.137190360222307,0.146093467583187,0.232063199495342,0.0099232639150892,0.174700741934972,0.17827848994337,0.0483286819362277,0.207499093989572,0.0497844643909917,-99,0.0654054750114209,0.25608266576461,0.157776640939483,0.14868231868038,0.164218239295339,0.095169460783062,0.416409464650342,0.0599453987093639,0.0593849885471981,0.0137390895478387,0.310160913469267,0.10712111599609,0.520030033610957,0.413372712835945,0.0619433035377843,0.0372744138469128,0.057338705203408,0.0188117844940005,0.425866490036714
-99,0.116461604982132,0.0488098701709201,0.0338216924130522,0.00311828151306486,-99,0.0135876993459083,0.05655087199993,-99,0.132665485190619,0.0333299781703845,0.0638839814271166,0.661709114020574,0.108519394794534,0.00459442048635882,0.0232114227989963,0.118699181385404,0.0463418273971167,0.0639808900762144,0.0948850642602572,0.330911011257608,0.00134521276243832,0.00511710570220456,0.0663950731742835,0.0891241821646051,0.0497544914381378,0.306129828277918,0.0404112521546148,0.475071907970406,0.110813627381199,-99,0.233633240536558,0.108075640897936,0.136077389771508,0.184900389794506,0.0078042304364082,0.132600703027852,0.345635179332391,0.158919366912332,0.354402642666847,0.209294429684089,0.0216431374962875,-99,-99,0.757003059836796,0.0462726541404807,0.260867570488776,-99,0.0787711579148999,-99,0.0584018500237205,0.121071049530967,0.394851519086836,0.0798435053081207,0.0835578470171142,0.218133384544317,0.0864764659098916,0.0193972596985824,-99,0.0087391197311234,0.0805552021337959,0.17881220281605,0.123080323430393,0.0676221155231311,0.0334075252991092,0.166815547621545,0.0490081953579931,0.157665277861947,0.138178452414118,0.627683624021846,0.0872570836251314,0.141422544622161,0.0402456654256975,0.0856019724602519,0.00629521946723651,0.0816439776765438,-99,0.0721545259623977,-99,0.0154789590042816,0.00222675889192971,0.06272004132668,0.096627691284053,-99,-99,0.406299043818219,-99,0,0.11179879519188,0.0716745462426166,0.026639338706472,-99,0.204266515100572,0.0923137058351577,0.049094881625373,0.0602274195270101,0.0137992506826243,0.0222492368764049,0.0767624606026096,0.0208108889513923
0.0859734923643616,0.117664986385448,0.00778744595383848,0.319374010272788,-99,0.0594705412712165,0.0479358699933589,0.123400407947243,0.140904518704612,0.0147787851896604,0.0885675445431312,0.0148717395559986,0.209528941992661,0.389741759336658,-99,0.0214067109658568,-99,0.0255251104494351,-99,0.0117679255187255,0.0409024127881301,-99,0.134675161235567,0.132194622092641,0.0476540041865296,0.0140617184744866,0.00922777316258455,0.161505458724167,0.0830210384798968,0.0751168133421755,0.0505014590312592,-99,-99,0.183839635511274,-99,0.0751489492199557,0.148416161307004,0.0981589255104321,-99,-99,-99,0.0427430526126058,0.0756762058259454,0.165351842331493,0.0111417770259845,0.0136212388553604,0.0415011631188679,-99,0.522095049648743,0.0512603035000588,0.16050341654806,-99,0.0533083936745866,0.0372342435284575,0.1523384969129,0.107407650622554,-99,0.0190618789933489,0.0290245028322023,0.0456015108099531,0.0477455683924238,0.0999416841372947,0.0125210286931333,0.102359596479315,0.131231986783276,0.0684308097550862,0.117660680670286,0.175507194840772,0.0547246693812562,-99,0.0227259161337583,0.0335199477055491,0.0426371629751285,-99,-99,0.0293266686358794,0.0277588084202322,0.00207901894215913,0.0215947794720545,0.182892186590916,0.107604518086349,0.0376730615169404,0.0502856196758073,0.0838931849816619,0.213101244371559,0.0483804702762876,-99,0.0190118450768933,0.239051922298582,0.10121590563855,0.0186891209967638,0.239940845881011,0.240032706963957,0.00535301911803205,0.0354319959861196,0.299609321290307,0.258421415037387,0.163627672986282,-99,0.0819623566601283
-99,0.31179918874359,-99,0.247666452684571,0.196711521231212,0.0132490533275473,0.007650566931239,-99,0.591202586002315,0.394506611271467,0.0430808722691253,0.0481667202265685,0.154123629510303,0.00658269642836678,0.00471444057963794,0.0781973794962544,0.0996161632888506,0.00401300322749289,0.0677190009457032,-99,0.096570858712224,-99,0.139090091754831,0.154980435511102,-99,0.0493009448888797,0.191664623538887,0.0544572201018568,0.0536707080924153,0.0344675089357132,0.294631643360914,0.111860367613792,-99,-99,-99,0.0225270414320775,0.0163843837727652,-99,0.161662546481278,0.292170410412993,0.0315563683093417,0.259815217438299,-99,-99,0.122922355742192,-99,0.168704982980618,-99,0.0511111214977818,0.100280632399562,0.842040095971378,0.12902361921127,0.329154667909778,0.0394711908559343,-99,0.0792060686640378,0.166123402129174,0.012661958182148,0.277429034689622,3.68375117283184e-05,-99,-99,0.00110914857734678,0.0494217318153049,0.296297463434338,0.0261166457860943,0.03228802357923,-99,0.10603860028081,-99,0.157549723525958,0.0114000582759191,0.00417212425359782,0.151062937492727,-99,0.272831816173542,0.120892768745068,0.0644014751500711,0.137108159436486,0.0238307342182188,0.310983593082398,0.0421098269362606,0.125775173199434,0.00576183651428812,0.181169289972178,0.107940073289641,0.112877292414361,0.110400639639262,-99,0.0152252869499689,-99,0.0274358557571448,0.243477094778816,0.099849181737229,0.0878972233257987,0.187120398610305,0.0721501158869168,0.348005135830818,0.118786786028131,0.0871585806583356
0,0.146329794304564,-99,0.303021049682482,0.572563292673894,0.10526046040024,0.320817259638995,-99,0.179888890290817,0.0391108823785864,0.134699409284062,0.118856661899164,0.322136950242385,0.112256472514931,0.0774241006358412,0.0790686361534818,0.086974787221781,0.00506350594718607,0.0796205913025078,0.0599394121215978,0.076234112237424,0.0387079726152395,-99,0.0102954600253466,0.0157010822769194,-99,0.138482005271384,-99,0.0327104677974435,0.00749086435007272,0.171085532097115,-99,0.108762749084123,0.0112947664529607,-99,0.0110936514086481,0.128568549841238,0.213060173187116,-99,-99,-99,-99,0.0818542974953289,0.654942201076873,0.220356872466397,0.0501897249195126,0.247381406860213,-99,-99,0.234756476646758,-99,0.0302069533495324,0.0831197725587374,0.0812148116369051,-99,0.400716793559812,0.0572418374300569,0.154166441414035,0.0351942273512025,0.239931384516836,0.376911341938264,0.050943934150711,0.210308163598939,0.41549174018435,-99,0.15657644316446,-99,0.142802803313997,0.279292200961318,0.0135092759565413,0.127193886516228,0.199016151129355,0.35273384402897,-99,0.0545915716330417,-99,0.064176234521015,0.297364682813795,0.200914741133202,0.171259481286578,0.0361171378746856,0.0120470245522513,0.519107783957416,-99,-99,0.0300138155959804,-99,-99,0.00725600201258025,0.124872073533251,0.0308386466409682,0.180186325306791,0.198583554168537,0.0848066600309176,0.051381442925396,0.0960930704518162,0.201392037709093,0.0208691816121707,0.0184788876909025,0.0359487751308621
0.173279886615871,0.0505346757488944,0.27935046962636,0.278191286452867,0.0115771099306447,0.0576343292182766,0.389794332860175,0.101075593633772,0.106725040136609,-99,0.293644221006014,0.0182449637940369,0.12955412799347,-99,0.0559653856106717,0.104713571187799,0.254734854284758,0.102870373675937,0.209103885175283,0.0762415832774652,0.0983863204395673,0.199227108232754,0.156303404127349,0.309873914404989,0.12952891435292,0.581553596308511,0.311541563444376,0.387902204980719,-99,0.219676394495436,0.238857364817697,0.00315897986549732,0.117142671065037,0.110000095156554,-99,0.0545198376714702,0.119764106924541,0.0707997575309761,0.0329939128357732,0.0287699322876212,-99,0.276747030829212,0.038704111050102,0.109314960752493,0.212387262692281,0.376042737286696,0.127826136864634,0.146133315736971,0.202116029833571,0.311380044771021,0.168766311381613,0.236047443887002,0.0143633579078773,0.256594240609231,0.132086849657564,-99,0.255882056094806,0.0763293631612266,0.0265772355019767,0.0660034272007738,-99,-99,0.0640863097124294,0.0806046785811964,0.275507971216776,-99,-99,-99,0.113340750548543,0.0798886671160797,-99,-99,0.0542012960303262,0.300217762225195,0.172107557743337,0.0603767563899978,0.274021376951865,0.0661216882991853,0.0300007602498676,0.00819890601183722,0.000337324634842689,0.125090068317814,0.23837672468895,-99,0.695753861024508,0.18259968311971,0.000926719832793597,0.0781828910737759,0.387092199998134,0.262013751756066,0.197994513385244,0.0364823811927741,0.166085415671688,0.100555813926515,-99,0.137628894892789,0.0363753750155558,0.269780423878282,0.0240047305812141,0.006123633932985
-99,0.0858143628705963,0.336399883469524,0.0325761366378453,0.146671211644499,0.0843843097529638,0.214650048011481,0.0252123035030688,0.0786046213392497,0.127616160716016,0.112005093747874,0.0715500486203946,0.00414369633517909,0.356970560159795,0.0840234255581587,0.377515001655711,0.110583767759369,0.236119014680731,0.377218803785492,0.14772886836842,0.0142889060223576,0.12792924813569,0.0543458419301652,-99,-99,0.0902476944587411,0.101545548535813,0.097839525592126,0.116412813243868,0.345282576169377,0.0561341292133832,0.0779399693027786,-99,0.148812527227045,0.538913300265604,0.334591885441683,0.386583648494695,0.274811615103026,0.19670436126373,-99,0.107745001722366,0.0436016064435436,0.0025181290646497,0.0584219270967927,0.150397489416438,-99,0.481719158591981,0.0193304495722318,-99,0.068278462271181,0.0264533219076098,0.571955226877491,0.235103848695893,0.107767492852148,0.0808255918425399,0.0692611527851904,0.0429033699567679,0.0664787247333301,0.0204219377024569,0.0174560479751531,-99,-99,0.0231592476969348,-99,0.0412857306313018,0.00518913780628186,0.723404575522396,0.147269567108127,0.0970142879787087,0.187418495046413,-99,0.0558037285595046,0.305308209281673,0.132872263553381,0.121601015269986,0.00985783350980896,0.0200492687972086,0.193767197379035,-99,0.294337898746389,-99,0.0141217595974129,0.051995243779442,0.111339241865554,0.0609791592688976,0.022417559140869,0.09591409716428,0.127503487952827,0.0217475404842983,-99,0.0011905157203108,0.00142560758194796,-99,0.0467582260162187,-99,0.142277092234033,0.0319691016576989,0.000368098044050665,0.451390084897601,0.102749647485697
0.0961103667492445,0.0448589224459074,0.324659971859218,0.439188955178616,0.0999786750137004,0.0540231259698223,-99,0.261237127340999,-99,0.0300225960354014,0.0134230139556012,0.0166174859995678,0.0753222273094007,0.00433906580864578,-99,0.0331841659834479,0.149302579561727,0.257100235997253,0.0201234789563515,0.00951460961317791,0.138060160968954,0.095818565650013,-99,-99,0.0554718753705339,-99,0.112767427377011,0.37734838342402,-99,0.0482250628345761,0.305674601724738,0.0145063371425496,0.106433963898043,-99,0.0838881676870369,0.0246723205097229,-99,0.0327025817270218,0.305777544786658,0.0543814589804426,0.0658917678950205,0.11016127574895,0.112691118396261,0.387668477766608,0.111711299501569,-99,-99,-99,-99,0.268351455285931,0.347482471769242,0.155421130693833,0.246709585667099,0.00527816126050836,-99,0.133442841683765,0.608598090358264,0.368791773077802,0.353318105363909,0.12428074726064,0.21712176527165,0.195875331853526,0.0525047175419433,-99,0.059662062555818,0.147196137021328,0.326016926670334,0.101578828911994,-99,0.0630895729830715,0.199906941413032,0.126390989539062,-99,-99,0.00532783746396687,0.145123749486289,-99,0.0969286713316024,0.108768860551565,0.14890736769874,0.167878912663499,0.0487232615405677,0.210099586538517,0.0335245698697495,-99,0.0358906538465458,0.00748389465882512,0.303569113095915,0.257289328574426,0.0619840626064186,0.0736993849748372,0.0424018262882941,0.0852677050054752,0.183718132217877,0.116337575267878,0.153017601729269,-99,0.0171153385527209,0.273076455755314,0.15767268303965
0.0649263734280767,0.122710364003988,0.0238789346053439,0.229404497432838,-99,0.061717154376548,0.0377934131180678,0.0503698970286234,0.0262576806900317,-99,0.0731104027104364,-99,0.210169071248499,0.143228213113065,-99,-99,0.212171147256992,0.204307122400043,0.110232908623264,0.0483699400906744,0.198256683009608,0.0191583137726015,0.119784513999815,0.0365710769432297,0.236021303985136,-99,-99,0.0127652031149034,0.220515389122672,-99,0.395974787018166,-99,0.24500634901874,0.0639438165478624,0.0740565557382699,0.016509608532843,0.287950095543789,0.0390861895804004,0.0690312584250197,0.0359626032561602,0.111946836369307,-99,-99,0.0175432307663181,0.0265426779148019,0.133930018318339,0.0797488721754164,0.144881828039198,-99,-99,-99,0.10069717738637,0.0778057514937294,-99,0.101774595174041,0.123594559310703,0.204587571523031,-99,0.191438688070147,0.0763344467598454,0.0503558874212146,-99,0.271324515598968,0.173309114749903,0.0554463755252225,-99,0.108371267432899,0.164385214041179,0.0491635467335266,0.0110375776619065,0.13771221208608,0.0201408199397057,0.208344571645048,-99,0.00103929187113198,-99,0.00397558937314198,0.333674904855546,0.182817349308619,0.256302983578326,0.0425638182068537,0.186829470458279,0.208231624941596,0.0472632889353956,0.013178699471701,-99,0.370752288035765,0.0236730644580522,0.0537895672187846,-99,0.0298507723155569,0.281107436770043,-99,0.0315424175839728,0.106418950326522,-99,0.204273004445027,0.02813197594241,0.0542007205411969,0.0127642535965591
0.211642052065132,0.108509181580413,0.0843163339734846,0.291375803179825,0.106500635703279,0.193287723051774,0.00835972544448687,0.225423750312628,0.0908953901813059,-99,0.00661130635213527,-99,0.355867039534476,0.0798048938137973,0.173948839722261,0.0685936373006198,0.0737720083616212,-99,0.401324821430299,0.00351472326778665,0.0905571086250807,0.145115122102237,0.191827447222204,0.0716640945835483,-99,-99,-99,0.074095088474278,0.28691938997045,-99,0.0496153424193711,0.364991578153215,0.00496873802497655,0.0537022906212986,0.155725045735033,0.00439576937139445,0.215796158032672,0.10772235743071,0.246240439201072,-99,0.066878556011634,0.166895111447392,0.290857255224972,0.289907230077107,0.198832018059401,0.20778892823443,0.0488623571116891,0.00255818296806793,0.111579746962846,0.452360860795798,0.0611181106633011,0.156312372782741,0.177873387097301,0.0591035876397142,0.036477283272387,0.200003315456587,0.0874894403112183,0.267007733902581,0.177136887099195,0.00238283651809793,0.199668647975153,0.0385127965687413,0.000968546488749994,0.339072854289514,-99,-99,0.351128453833175,0.224054574701931,-99,0.0118605258417303,0.00839568974663889,0.0295381725024517,0.0105813396529415,0.283905907711136,-99,0.526165877308311,0.379047419057645,0.242991401554176,0.200203575658125,0.0396842831167678,0.309898037566109,0.0505970278100916,0.141375946624927,0.0972034400139772,0.283075527260703,0.0343327927551489,-99,-99,0.0126862682599783,0.227428929070942,0.00966658922591299,0.122839869051659,0.292434756939223,0.248747869477492,0.22770326024746,0.246386575548919,0.0428977906672157,0.173778518462664,0.17186672841383,0.668541966061279
0.229376422200771,0.0990887013505104,0.0187895684893911,0.16938545263241,0.439129316371672,0.141990557772193,-99,0.0318737829400835,0.0999524487496423,0.471345584507523,-99,0.108096559039121,0.159063438711151,-99,0.142811979325125,0.160487562302769,-99,0.109323457669533,0.0440393966364584,0.0752317085260499,0.0017644687769159,0.0595242869633461,0.0685743917534774,0.176048824483372,0.151534595957163,0.0879869572917759,-99,-99,0.0199963537693293,0.0059625994864596,0.222083671360826,0.100968361383289,0.363900612113463,0.0797713109146684,-99,0.283876874322189,0.145184157934171,-99,0.292426303355737,0.229453919863532,0.0360762382750235,-99,0.0567599012240521,0.0283134391740575,0.0277973852051072,0.0619852636029902,0.188452153151196,-99,-99,0.0201747315034108,0.134152317621317,0.393970448156999,0.157209240164017,0.0075428636790232,0.33868590402178,0.0110651552054271,0.0562992005883574,0.0642025012890564,-99,0.0542141207136142,0.418603401179601,0.0929725535270472,0.173031779533916,0.485842233297076,0.78752710019776,0.00621015698264098,0.110984462989361,0.0538046817126515,0.100520564528301,0.00958359970603068,-99,0.17911903536451,0.212671939124247,0.496264572136657,-99,-99,0.117446136872242,-99,0.0549043027391664,0.36911486349569,0.23081940428353,0.629626965708354,0.0703675149537165,0.0820578135155245,0.12820292138156,-99,0.216611744811911,0.245870411307369,-99,0.0101880374746265,0.00535666142300414,0.386072338826022,0.162199616863676,0.0664069085202417,-99,-99,-99,-99,0.138132091953697,0.199711410850787
0.421007567294675,0.203072162170857,0.219738682153975,0.144476211332347,0.0641767345998106,0.0266042202260924,0.311036842686366,0.0908058884185939,0.545495742184809,0.187978927293663,0.253963444008619,0.166233529284092,-99,0.314660296589586,0.120207182274905,0.0940687792828154,0.106734443650187,-99,0.0373925351249738,0.0121022767747514,-99,0.122079972638408,-99,0.215609973629733,-99,0.19212109309842,0.176282844603447,0.0737768323477557,0.0986502095888627,0.0238040555601736,0.108475405620962,0.0340607947163562,0.0251469229724577,0.147405028245442,0.0176013223968746,0.433405034583015,0.0921153364411099,0.00596656915977183,0.284896964822792,-99,-99,-99,0.195801520991624,0.0534724332620786,0.101737999901179,0.0499070409012158,0.0753136369842901,0.0701124831114161,0.140330388284261,-99,0.241951019018501,0.0221629806209641,0.110121631733719,0.0513905709742399,0.0417552731589489,0.144999049130593,0.179915190044412,0.065514172164029,0.0529938622120475,0,0.216822244913804,0,0.00883310382454928,0.131137747847914,0.114123318920416,0.0600413014656776,0.0104602931026759,-99,0.383698613837928,0.168566296979094,0.0134210586968579,0.0451294407915082,0.052254235493066,0.0218978428048239,0.0887404018716386,-99,0.061554949021349,0.0417674350431062,0.0381705908128776,0.231430404443389,0.43777797355985,0.0187129940195739,0.242351727034005,0.0137682191694356,-99,0.0270977157945929,0.0866213558606224,0.272458059991057,0.0250579025480178,0.290686582264551,0.0683350222261007,0.544581465757626,0.199481668346699,-99,0.126176768560067,0.223033928922361,0.0728131392205437,0.0751768904508619,-99,0.0675731826749666
0.084582744961983,-99,0.141432798807029,0.0082409403882536,0.106015955568743,0,0.12781923730853,0.0573613708597678,0.133015981033912,0.0211091470477681,0.0762740363481637,0.0877889412790965,-99,0.103516239221505,0.0556589643737705,-99,0.106014041688621,0.309772209535072,0.161865527171845,0.0128308287676087,-99,0.0358041131479043,0.14410607137882,0.0758954787166687,0.0306458890192904,-99,0.249795703765839,0.0403375155664491,0.24148092344374,0.191543571004865,0.0849302860883604,-99,0.0319657916808524,0.0635712971255749,0.267024813999711,0.081618632285088,0.330776767955204,0.396941866623291,0.102256921421411,-99,0.0164522992321746,0.0308066283259287,0.0372073893168637,0.165195134782424,0.0926345406378234,0.117374409931304,0.259554636847292,0.0890134906709314,0.0191117108146907,-99,0.087118820014252,0.0586061806419645,0.0390565539354334,0.015414128878576,-99,0.141018269460517,0.0474984208854909,0.167904071125909,-99,0.242104716959513,-99,0.0641431680056216,0.0651082329612206,-99,0.121441106502961,-99,0.16768289940457,0.00870049803961082,0.0479953472182977,0.156440511838826,0.0774575401294682,0.226321212224984,0.359551276908484,-99,0.0108075687899868,0.0360622333759649,0.00310720327003901,0.0451105789381196,-99,0.0336618720398084,0.159360682542134,0.0233874544973122,0.207474982942948,-99,0.504031518101848,0.179821736412933,-99,-99,0.0854798616266659,-99,0.124720372977951,0.0633184529819145,-99,0.19774423091883,-99,0.281112382852591,0.0402337881706241,-99,0.462517589705137,0.016843711205334
0.665241148336157,0.17243311611196,0.0396122863217468,0.0305086569980004,0.190567596800103,0.120092395668302,-99,0.0257998372142313,-99,-99,0.319153219592335,0.038957361201411,0.0373667844020702,-99,0.242002297855315,0.00309713154479263,0.0107081828555149,0.215765373784922,0.0274395467598799,0.0271537568325273,0.290722728577554,0.00168256595265902,0.340016476866719,0.262143524069676,0.161793279043514,0.020049218138544,0.0127029249183363,-99,0.224567236755458,-99,-99,0.248700376513148,0.00834378724906273,-99,0.0702579642273171,0.113331314168632,0.0095243603758094,0.240530339492211,-99,0.327674779076848,0.183669697103454,0.0054695055059173,0.195763078401688,0.349955606644087,0.0649572526764919,0.112636332149469,0.0245233659106724,0.118315772823529,0.218938101930807,-99,0.0468005964608227,0.10750365286302,-99,0.114187463235308,-99,0.131729781795602,-99,0.430758622070092,0.181641456508035,-99,-99,-99,0.0242051980973347,0.231743118326869,0.0192939121271445,0.0297227791037912,0.0966325391578236,0.0700752185403094,0.354394601479156,0.0609545839155185,-99,0.0665708972180269,0.036367315028934,0.557422349530656,0.230859568275062,0.0382725035971494,0.116755519048595,0.0241265207187243,-99,0.182524119979118,-99,0.133247222012858,0.0862698278858288,0.014842963870743,0.14582141716219,0.099709950399476,0.368851010242893,0.0309656381869981,-99,-99,0.546142141316034,0.106572368851476,-99,0.184830629410691,0.0447325809971172,0.207049551617759,0.00806638920448511,0.0526592159462914,0.0140112768861481,0.328585648629501
-99,0.0668015756377064,0.0132341057278657,-99,-99,-99,0.369178446518644,-99,0.0453422654241967,0.182116478030385,0.225337906083264,0.199844116952859,0.198367478079439,-99,0.126014812896213,0.0804236469722289,0.0132669689708297,0.252269862039258,0.155536248263001,0.0102416159517387,0.0580658096925309,0.363774067378072,0.00242066841306118,0.105402085374496,0.0760188217545861,0.0598517390118252,-99,0.112465386840434,0.09988920130619,0.035998974727071,0.0893348669576196,0.395751401583869,0.0695651549629326,0.0743500358226168,0.0797776998855021,-99,0.0106721750903657,0.0421197018817919,0.0116676962144905,0,-99,-99,0.0991985379546393,0.182719507236652,0.0806419989795135,0.0732332400792133,0.113951855383459,0.239392435471196,0.484073608253077,0.0101751999993011,0.330845833296927,0.0169079420864962,-99,-99,0.00263318644497193,0.562670553553076,0.0517286862121502,0.144482210065246,0.0655168348972978,0.106175001984461,0.00192136966023557,0.0572389959150057,0.0972369418935344,0.125006412043143,0.00297402531071533,0.141861556765029,0.179058366304489,0.0452807662524304,0.26041821700408,0.160056752296835,0.235958182237151,0.198181975349768,0.15835107066767,0.215297469016957,0.270600873403769,-99,0.182498612121488,0.010190140576599,0.232651880358789,0.306138400745602,-99,-99,0.32916794083577,-99,-99,0.128692026628062,-99,0.0408843507731247,0.079577175126131,0.0491487924372099,-99,0.132627998848381,0.0393437889690959,0.119608064502512,-99,0.0746891264278667,0.0569814262144291,0.034732310038328,-99,0.00382223518631879
-99,0.0357495831100699,0.0388614288328403,-99,0.177916334826302,0.148507424186887,0.00296536719609035,0.244949379571534,0.0422198964138467,0.379048702646042,0.143563273741958,0.199794983463573,0.131307459882427,0.0624188480937562,0.0105371354433201,-99,0.180834956026062,-99,0.123967059441094,0.207366152295286,0.0319021194380445,0.0126855097240991,0.00496577492886928,0.12287884326537,0.211497773313333,0.00700691961087672,0.283146802415832,0.0115506926891634,0.0669498976693639,0.0700293979314765,0.38481775275386,0.0372358941585618,0.0863749837075578,0.00566164198933603,0.149971236239498,0.72405177157898,0.0352856274690973,0.021544243304657,0.171597186180546,0.0118829227935267,0.141580065393644,0.199538556152757,0.0128103186834604,0.401760994578901,0.00187125163076634,0,-99,0.267236496891641,0,0.262179763123889,0.0278439228110547,0.104290493356224,0.0471588654034293,-99,0.106770724990361,0.122843568181907,0.0112483661927737,0.372019925085731,0.0477615180098447,0.0526177006713462,-99,-99,0.0478244851669198,0.105601613657035,0.0495616322559882,0.0125336930237931,-99,0.193945456042846,0.0585268981071156,0.20445390232576,0.30513263795399,0.325566210507512,-99,0.304989706947876,0.229811531617249,0.276363749851701,0.433590172866555,0.087761869979157,0.140998390924397,-99,0.0452419948484419,0.125772074117109,0.13027273983918,0.13767234023873,-99,0.172324407554654,0.0116791617252674,0.131063095803253,0.214508913998488,0.163551728020204,0.0510731138545889,0.233099545735111,0.112419968163084,0.0841644988935945,0.0517498719270198,0.0794959830294861,0.0658602871784046,0.0966353100168618,-99,-99
0.00356053832846,0.0567872380291554,0.387459456835869,0.118826230856148,0.0983781653532645,0.456105969408834,0.130119015756012,0.122848473148795,-99,0.255715842313602,0.149181704099883,0.188750949009827,0.0119918863442843,0.0186887539440248,-99,0.0115453054823692,0.0241972708515231,0.024305824457651,0.122046340388008,0.0735536461605704,0.00766208020477589,-99,0.0883249486516488,0.0182675252749119,0.374011304550927,0.0244019611009955,0.0527307779329472,0.36903110283327,-99,0.0804671625141472,-99,0.0707933497446113,0.013088622835423,0.0558488831508277,0.170653336243023,0.150552976760751,0.0659716541925328,0.0899300560137003,-99,0.0417051831862049,0.215821934675725,0.0913013059952937,0.102661753335132,0.0253964707157078,0.176129395449351,0.0453217348444423,0.0182081767136269,0.321517957894854,0.0396598499546981,0.0862894139967444,0.221777726650535,0.038774287711424,0.372567573468729,0.026126052635456,-99,0.0428898315233977,0.0109950807951135,0.00312625163728353,0.0227214216902011,0.00343922670455532,0.251664988231566,0.0880069903118325,0.0576401593177002,0.102453305093722,0.234070249557106,-99,0.176093732181487,0.00434300328585516,0.0377573625274124,0.0250970418453413,0.0235679969821369,0.0497998518523476,0.0965314244827019,0.00969826085697481,0.265851926791524,0.0269083037379979,0.0703701399365616,0.175742989440236,-99,0.107800015575275,0.0345784585535324,0.0627930818728331,0.000917226717369133,-99,-99,0.284577196721023,0.0322477107075528,-99,0.131202122188779,0.096589329149149,0.220247268629492,0.0658473687040986,0.0871052880260974,0.00691980128637094,0.12716396567923,0.62038438840282,0.161711772204039,0.00638651158098773,0.0241416380116378,0.0700447370391155
0.160736189615541,0.122048449722505,-99,0.0859219701222124,0.0521163834960113,0.286918189154598,0.171761600753887,0.0471685242875571,0.378543925834864,0.035732366702664,0.0197773162012786,0.0154435389709412,0.488769251292457,0.152672177824337,-99,0.245418964719613,0.00676166143545787,-99,0.301074809795561,-99,0.464701476049027,0.441209674374683,0.0278922642887948,0.63132924341252,0.0990299492639987,0.0391251685358214,0.243322740859513,0.0297836108413796,0.462512654211894,0.0480342200959741,0.237947798120455,0.0292487436956139,0.0414239427554085,0.116771189215418,0.0197653305148426,0.309803269851983,0.180624612093234,-99,0.18499112283295,-99,0.0586185303673241,0.133055091345688,0.206954337074721,-99,0.0362768917270892,0.103214735336285,0.0152191633414549,0.0240305808781094,0.0442818884915338,0.0324941615177633,0.137594063250145,0.0241079004944368,-99,0.0711677835282489,0.079270812675376,0.237846355227347,-99,0.0134104489483106,-99,0.136379341416816,0.00312400536503145,0.0563906012296162,0.0922101475082348,0.0170164141106248,0.157238055212956,0.430107487920747,0.194087037336991,0.133156025193525,0.128977219442986,0.00946022989418338,0.051568670612266,0.214016279315776,0.10438281346069,-99,0.14169685597779,-99,0.15550515573494,0.186508186640871,0.0775205719668849,-99,0.154874276520324,0.207123403379429,0.14583117813386,0.061670306160216,0.124483324535037,0,0.092841876771606,-99,0.394525534942614,0.181094825980274,0.0849193872454034,-99,0.0627301777121982,0.107957438240682,-99,-99,-99,0.0721442668127486,-99,-99
0.0568519803991843,0.279675881666789,0.0842362540135347,0.121265723073028,0.0195135422638286,0.269639554867793,0.100359146874917,0.113231884394776,0.0297285229414583,0.272315827532061,0.159567622089607,0.0445561691083958,-99,-99,0.0436081356768353,0.0420598419475166,-99,0.17299730439815,0.153180152039885,0.0937612319059137,0.206537403901204,0.0264556012383979,0.0391388366717451,0.149472181762372,0.0238868868227474,0.298519859408179,0.0651360884089521,0.00710586597377648,-99,0.288295002200519,0.112732436481285,0.0367548470966002,-99,0.196288855941102,0.173578420008852,-99,0.289423048058206,0.15422289902195,0.0197999012061707,-99,0.0553952216770719,0.00724514200668803,0.467030900086772,-99,-99,0.023335860524094,0.125110887060482,-99,0.0969279179279345,0.311215364254508,0.0475872593464092,0.284298205910765,-99,0.136529243716785,0.0532025186221475,0.100218720085194,0.0606060744666823,0.171853728326482,0.283220098106616,0.0442900666639906,0.0247541749954429,0.260124700013377,0.0119325926400834,0.00601782796986775,0.175259203039727,0.0689101467803723,-99,0.0965944306982246,0.256965463582037,0.0495656794375067,0.101698509880771,0.0485406190053743,0.137752499759585,0.0860296919386088,-99,0.0454129738267917,-99,0.0375058000703201,0.340803835454459,0.27068832098767,0.061937207413907,0.00145222197794602,0.0120375795368704,0.215728238618396,0.401515745556121,0.0160192529432032,0.165433359837843,0.269776245549726,-99,0.0238731093564624,0.0402402103297028,0.00373176478772572,0.0614023059624363,0.00679308918782923,0.0248305176539468,0.0326712450018947,0.1801425493917,0.0372882045752529,-99,0.0619349251545914
-99,0.00253879143592562,0.319517659243045,0.0458197602358287,0.37015933504894,0.0435982627682694,0.0866368392915239,-99,0.104372821038107,0.145235698094911,0.0346842365405146,-99,0.376491155498492,-99,0.0524372114589494,0.184915863116729,0.0132658443077602,0.273154019627443,0.139130132046084,0.199103192552146,-99,0.153562301789941,0.0149996616740536,-99,-99,-99,0.178713453722896,0.00742078770291651,-99,0.0786003415688962,0.305230841558788,0.416751946355182,0.0630766182974516,0.0519059685722045,0.202885112835583,0.163027052401842,0.179988528811665,0.0718061618205042,0.0157631012896913,-99,0.0332149632357415,0.446123998865124,0.23129374783202,0.0576920404440666,0.147698920451449,0.0407488944453553,0.184727505217194,-99,0.432211605627578,-99,0.0483285504580193,0.100603182574672,0.44221534349112,-99,0.0104389588216885,-99,-99,0.0307620587872467,0.133853316779735,0.0279634830378746,0.104906000476572,-99,0.17904308466863,-99,0.133485050290252,0.285511998252881,0.0763690895204593,0.0471422031827976,0.0305865206743877,0.0155714184506523,0.169937919879628,0.0564676737921957,0.277063613452132,0.0319914403168984,-99,0.0914919836476832,0.275038140936863,0.00192049983582722,-99,0.0732188176545071,0.149683267956216,-99,-99,0.0036604792997177,0.245335211544583,0.100866557129785,0.296079106016619,-99,0.0693091174418058,0.0904742240424787,0.0727505501878015,0.0840100552596925,-99,0.0207449504586411,-99,0.449416641338443,0.0733112918497457,0.0245149547205693,0.129046604704254,0.0891825525397598
0.0295988847152968,0.166143732546265,0.00517942447384086,0.373304917630694,0.12494418547345,0.322897232110944,0.00477986502015142,0.229809445486021,0.00449476490313021,-99,0.0389686723604103,0.0356246127588775,0.0558030911727326,0.00265602871468961,0.00909692755051364,0.145128563590438,0.240137297868899,0.00690382898774144,0.0275217227845617,0.0694571271382622,0.22919814944949,0.505731597450135,0.187467432665891,0.0103107741133587,-99,0.0473360427306846,0.0190322107467186,0.0264791734034249,0.0167306521861359,0.163256943758075,0.0161194324205017,0.0277024930801017,0.154161839003431,0.0910645942026972,0.173778135597823,0.0929751485744302,0.0465796533707506,0.0648271094045107,0.0673789129136469,-99,0.211009877994324,-99,-99,0.097201468569777,-99,0.239604243133385,-99,0.109810555479703,0.0126167170782291,-99,0.0276708503593874,0.0325324618014488,0.239165534942169,0.0957331587825628,-99,-99,0,-99,-99,0.133741362784888,-99,-99,-99,0.12159547141487,0.125793501391392,0.0216538174375324,0.0431232159816638,0.104871793858381,0.265939252082652,-99,0.374164969540553,-99,0.106946372069068,0.0772407269345564,0.0494146114788162,0.0679724906429052,0.401131179969178,0.0231145886597678,-99,0.0108116640500927,-99,0.0192928564937933,0.016047979458023,0.103386025924649,-99,-99,0.0620823138565985,0.0133218524534522,0.0108643553857819,0.498607260969707,0.0120848566539088,0.00531277541769176,0.515448335274493,-99,0.128080635268935,0.169450329686616,0.475449707485717,0.0997542670209974,0.384354556069366,0.0646355491957604
0.0194034718565027,0.127215305475538,0.169424334773794,0.314982711831261,0.0768109600940626,-99,0.0454522557294952,0.478365675632799,0.182674822155934,-99,0.244683771991989,0.067196698792942,-99,0.0967691374593492,0.107976794048845,0.0922862677424985,0.0290781899889621,-99,0.0716920712211445,0.0238471570612932,-99,0.0779791069441569,0.106566536788122,-99,0.0096996705312897,0.05316822923114,0.0901302772884293,0.345708153822954,0.15031041544988,-99,0.0524631017028791,0.382048086147196,0.0168232554036989,0.0854217466768863,0.495424997504804,0.0356518086506289,0.0707825624240372,0.125735073988585,0.000648995778061142,0.165328520561959,0.100188872157653,0.00109310836006733,0.195360834187209,0.062458841166127,0.542678102377248,0.0428396438445612,0.223725791558429,0.070514660034168,0.211337856579763,0.0625903751691211,0.132346700355186,0.172492698392301,-99,0.10668500881993,0.109105353559756,-99,0.0322690133970669,0.105067014067011,0.0337203363389014,-99,-99,0.460910743779445,0.00581467310973941,-99,-99,0.0965283623888279,0.0779926655729778,0.169136671141067,-99,0.200827535343117,0.246653871770063,0.0452861887021012,0.127336115257985,0.0426199864483699,0.300137660126038,0.099603576458357,0.0345810116286695,0.0150973688843484,0.184720627053924,0.0440669894671637,0.0344728576797417,0.0497090200601147,0.164478010079345,0.100265375803083,0.189058629348528,0.557989023407338,0.0442744667029056,0.0485954293605929,0.28627125885382,0.0894878519704637,0.00786963753060842,0.029720672971099,0.0271569376854672,0.144941908843916,0.28464484257675,0.256101489174862,0.0411710886019717,0.368925517223002,-99,-99
0.00529814785593854,-99,0.0642336441501527,-99,0.197428841078724,0.0505861349098238,0.00475908572869362,0.23137184291723,0.0270288923126836,-99,0.00503892230700835,0.364053521358047,7.59269779129147e-05,0.0229525438738971,0.170179207357701,0.0585620816575957,0.0423888278181879,0.1718036131515,-99,0.035969077822779,0.237843556683334,0.0384775444258903,0.0782503669371487,0.0111944088556516,0.0101276023959543,0.116623743857105,0.465310238231055,-99,0.388698937490147,-99,0.00985022437648257,0.11360995617595,0.124939580525817,0.419640147386153,0.195002020828483,0.00755801523405702,-99,-99,0.106459381503217,0.112152944725043,-99,0.00913861430809,0.161392216782109,-99,-99,0.210550353402436,-99,-99,0.13320670882207,0.0878531729934459,0.00257790340764358,0.0299576812588537,0.405261262118158,-99,-99,0.124714201069409,0.0843780538039949,0.208861573654914,0.115341393926582,0.120601327606835,0.112450520751859,0.0497157365950245,0.00701370895103151,-99,0.193086740106441,-99,0.230996495091528,0.198744556088562,0.0690815687818343,0.0268871477191456,0.159948572408206,0.157196895572197,0.35426801791113,0.538567419028985,-99,0.3141737351282,0.174844080756694,0.00248071092404569,0.116796483258351,0.0587011877015895,0.145022785258461,0.0661384789078097,0.369862241841278,0.108073255191154,0.301032428830101,0.045776142809145,0.292787518293071,0.0736222090368862,0.00197927887933495,0.22633749357625,0.168201554173466,-99,0.0350000555853956,0.266030384686502,0.022326934990047,0.113785612194115,0.0105103344275543,0.158367327927819,-99,0.234216193128094
0.184488363349072,-99,-99,0.712886027059442,-99,0.00654655093528341,0,-99,0.0117987475640795,-99,0.0779153009524225,0.0408284529525849,0.150989141021736,-99,0.1634070279527,0.0294549531961429,0.215444571422731,0.189307820868403,0.0205990855900245,-99,0.00974590877073821,-99,-99,-99,0.10709999830688,0.0487491198501398,0.0189215687017928,-99,0.329060597433141,0.0491035603121071,0.205908625795894,-99,0.127353174959586,0.17316569784223,0.0712177274921899,-99,-99,0.449569212565965,0.0973446891711434,-99,0.225444687247667,0.102313730555918,0.0552313721214464,0.0763834125511937,-99,0.0174036378382429,0.0524027122497341,0.266332610314406,0.0856859562235915,0.197611598504844,0.0213171138285245,0.0543409449247795,0.0548734741282003,0.12123944494127,0.0496085702336759,-99,0.129611878713409,-99,0.361795716334392,0.0859190479645966,-99,0.000421352306854529,-99,-99,0.121318476490911,0.403424148072814,-99,0.125341256826206,-99,0.0568387644200944,0.00150245453959584,0.0433726345426397,-99,0.0116946060863685,-99,-99,0.0781415773621916,0.0251105651027002,0.0440921202578002,0.113413753183988,0.0881735249285409,0.112050089688899,0.118684948927874,0.0481405267809044,0.132427701811176,0.355421229340299,0.262769079759901,0.305491118770118,0.238469256027588,0,0.000347009886860933,-99,0.133017814737538,0.311549816668844,0.592908582587746,0.384144711124432,0.0675514223733916,0.349184623279595,-99,0.0411763915180851
0.31434425244585,0.113687854768376,0.0207224308582732,0.0350119662846113,0.199989339730049,0.173371626559664,0.057521288882484,0.22043065094305,0.0715887850811903,0.0636749819578914,0.200558727899219,0.0633597125958266,0.183864515986806,0.00483452654203073,0.0304785227471009,0.203834483384875,0.093137575578928,0.0510081473211348,0.111972011825272,0.0211364076037764,0.000276849835583324,-99,0.181684146117533,-99,0.395837267179105,0.116719050878167,-99,0.115794038879523,0.0419633496953853,0.0246020903417913,0.166381185436207,-99,0.472237408982729,-99,-99,0.313513268517621,0.0891059112257991,0.0157615013517954,0.180169943098724,0.0676415734534532,0.0286413361531306,0.184030992423508,0.146687841176479,0.352771831956883,0.0412409587998432,0.497699381488186,0.0748032184184173,0.121277665851085,-99,0.388874503961681,0.127805299704541,0.0126838852119991,-99,0.249606060019443,-99,0.0547315402995875,-99,0.153099316493121,0.0327972561821824,0.0203549597403564,0.144402546171905,0.0489838084567099,0.013826400291572,0.0243920837617039,0.141490400880399,-99,0.0315951865275943,0.278485876432451,0.0357580873496297,0.701259394510516,-99,-99,0.049217089133283,0.0271632061950201,0.0147367769591781,0.18029055295939,0.00822737231593647,0.0076256691235216,0.00777874456579358,0.441519277282586,0.113341993161829,0.078043767449023,0.0070141592218242,-99,0.0320787426970506,0.0642366387281661,0.0272082008331519,0.0210776851619304,0.162055612080317,0.22961935063012,0.0160800179969986,0.25733836035567,0.0849514032380855,0.0626516353165406,0.240893274821502,0.151007468862388,0.551156264416595,0.00547797876386799,0.178214665742052,0.185502911731845
-99,0.238247693913393,0.238064446332805,0.303687929186688,0.0109449317294582,0.237887431166558,-99,0.0148835114466544,0.0346019533532439,0.0303830730866447,0.138902614868649,0.507555432592591,0.0318227875523893,0.102067899913192,-99,0.0785475400041887,0.0531249797004037,0.108607712797491,0.0953372024434919,-99,0.27571891854726,0.0689171367014714,-99,0.299597659180073,0.0552093417515488,0.0307864873491094,0.117288949758785,0.0275714355998194,0.307506292620662,-99,0.100569471415204,0.165083823557339,0.119399840991988,-99,-99,0.074092644104756,0.101947987694953,-99,0.234446938852494,0.0519829389991058,0.111214519591107,0.0298658032709255,0.0331900450915739,0.0844168143591469,0.0251093634425882,0.103424046128171,0.0115759914115961,0.191550646015565,0.057487641713917,-99,-99,-99,-99,0.412176238578219,0.0765808895017176,-99,0.0470488612423688,0.255558930214802,0.122824982757172,0.0446940390251686,0.102683463602303,-99,0.00850913604389807,0.0114097502638575,0.213953326487998,0.104561317870134,0.252732782494185,0.58019761757634,0.0665257717197029,-99,0.13467108744503,0.254991961747469,0.00124527337952753,-99,0.0485363421322011,0.199202213135314,0.0664899208530794,0.266262801868193,0.0771683707812985,0.165007621318618,0.0513979556482807,0.0769275482306941,0.0336525158309301,0.0781087720381381,0.37813193163293,-99,0.100135268605985,0.412113385257895,0.071087267299651,0.0873390772350266,0.000820171705243413,0.137692233475172,0.0580702674799152,-99,0.208051921292828,0.0890401523790285,0.317335129464626,0.0414480568371672,-99,0.0789145877375058
0.395257209503448,0.0502602537692458,0.0109328709260779,0.000903066857009571,0.0584367532183449,0.137489741086506,0.147844526962023,0.0672501074930366,0.161493131333032,0.142818850512013,0.00572651794016273,0.0532409457550305,0.0771622969697934,0.0416286491876125,0.307307226117449,0.142301587504549,0.00399767896094252,0.0593099441396265,0.0173093269430088,0.221479798854801,0.0927304498497482,0.162178447459488,0.0857138319602295,-99,0.000438248690313099,0.344650717203724,0.503198008923482,0.003019358581046,0.0356635478831873,0.0791971095314257,0.0870995310266292,0.0413435921015746,-99,0.0319089381160366,0.0618955705972046,0.109872876927134,0.00394236078925612,0.050508295624704,0.145794000343707,-99,0.0917085885724914,-99,0.169453328712245,0.0152874498898178,-99,0.082908188373019,0.00862429850315128,0.16802581939919,-99,0.251926273841695,0.119536697204033,0.00147415434501897,0.320184265143747,0.132963542930684,0.194770911999354,0.314310978303056,0.331395879509308,0.0552628214645943,0.039255868624362,0.06690949964941,0.0866415883463209,0.084340446161995,0.17227416449497,-99,0.0200573280317728,0.0754098162298252,0.0838453100211196,0.290477011708784,-99,0.0463988852231027,0.0357073357865222,0.0650030072957117,0.0271015372301163,0.0858643178244527,0.0538959165608133,0.0302467883344555,-99,0.232512101188694,-99,0.0219578180726102,0.0179009942556271,0.0788565155682219,0.0754262131954096,0.00577566931186928,-99,0.171239677709008,0.0336185844674365,0.0686854293794035,0.0873750055304143,-99,0.12114114862643,0.307515626749085,0.054803694070064,0.0632666755158832,-99,0.106150371314881,0.109610321141432,0.0040211830813024,0.0166326394309279,0.229088022886077
0.0156861638998443,0.228699962019239,0.0808290020685811,-99,0.0765718424024116,0.00197940991795528,0.240642623119332,0.00946872229841816,0.0641005778917784,0.0618606741386422,-99,0.262658378743922,-99,0.164616536398244,0.0929108949672688,0.0297554785035768,-99,0.221261140238201,0.0503726402187589,0.0893271620739476,0.021869866295225,0.0879496625585141,0.153330646928871,0.188883027699084,0.296719908190957,0.344771799688983,-99,0.180814776551095,0.128670822617772,0.168804131145953,-99,0.0280258241655644,-99,0.0382102439263638,0.0220271681557504,0.087399628695998,0.311511414932434,0.310386495421265,0.144931804996917,-99,0.270006384695504,0.0853333693901195,0.295729100997451,0.0613159559273315,0.0230266870570495,0.371838313772371,0.345591590663393,0.0619031290297804,0.280316306890427,0.025192788213471,0.0106327473807715,0.354942480118426,0.199059866110269,0.0960489108449304,0.440477611192251,0.119636301404582,0.38771461676373,0.0213199594404461,0.17556571794269,0.0573491155897993,0.0457416670949821,0.0229852767137485,0.0901961794186288,0.0811506630476117,0.0665621235579301,0.112836172251793,0.259463152801088,-99,0.0961489541969592,0.015389806312415,-99,0.0847217989264655,0.182370436162726,-99,-99,0.0638266613688806,-99,0.00918443031915675,0.038406848206401,0.00152611671007811,0.0516230528761879,0.261784977164642,0.130631192069003,-99,-99,0.171020317762734,0.246923789080111,0.0895285878182687,-99,0.393751026995675,0.0382834246608435,0.0401378853199586,0.00728738939560347,8.85777405962715e-06,0.194000376840146,0.0188651046528253,0.146276586111034,-99,0.279332741460628,0.0728633566318846
0.0738847607521261,0.207645732475936,0.0190933893422178,0.220027891425098,-99,0.235760185022797,0.342351809484526,0.228799060631322,-99,0.116415895004033,0,0.0197445990350915,0.0262561177017815,0.529223448107003,0.180610113389113,0.0938839491850792,0.0478372262734918,0.153252674316741,0.0160915401579039,-99,0.0859379167879941,0.472413660391844,0.14979960292597,0.078741720234719,0.00636505104975886,0.115161378087325,0.0149625517441745,0.257916736265318,0.267137132185806,0.0181990354911153,0.377140465062296,0.0293207780334562,0.192974894841784,0.0990854840084804,0.0600614027261935,0.490309837330438,0.0480626880309294,-99,0.23448135778707,0.103548004306422,-99,0.00445739254488051,-99,0.0960796554480849,0.233229536861519,0.158447250849791,0.0484296645844056,0.173587562509435,-99,-99,0.00156236521532808,0.12244145361653,0.0797110329859671,0.121186074672506,0.109077266978501,0.581716340498836,-99,0.235949201562174,0.111810061855017,0.0433620081782301,-99,0.0766747418850622,0.0638936515737357,0.0454651196874129,0.0667075263913379,-99,0.158670709114846,0.0375337392550755,-99,0.11438845009871,0.395983609749556,-99,0.0138126658205561,0.304487938874943,-99,0.148752953457033,0.0763968599841571,0.00413596217733436,0.301488870007141,0.0169294637341952,0.0557062676002046,0.0661812188299068,0.00472441250961911,-99,0.550125542035468,-99,-99,0.0534602336078734,-99,0.0981691668377783,0.0304155472822742,0.0811549271215137,-99,0.173613980854346,-99,0.0192379896577614,0.111643387843156,-99,0.0157321133444477,0.203991456119604
0.108669752089567,0.289562428326742,0.278861683081821,0.0169710336806627,0.215239937332855,0.185823794059607,-99,0.0232735979931504,0.00645220954470449,-99,0.0258028490902972,-99,0.00788109332731989,0.0832967804870483,0.0298597331804519,0.0421443127647653,0.006374868823011,0.332445907313991,0.139882039988241,0.0111187630456801,0.607305441196537,0.0149516688765375,0.0147385114018626,-99,0.116371745360364,-99,0.0370376820188291,0.0701775085838873,0.118190108243795,0.309502029115278,0.0640552038872865,0.0591770800769383,0.10701231119678,0.0234237952719505,0.248747503289045,0.0256252583652674,0.0725341195220159,0.21876472628243,0.00607645049959963,-99,0.0071624241198842,0.412599546873664,-99,-99,0.171923821639025,0.196449016736507,0.182575147046156,0.192721908823748,0.122136892332202,-99,-99,0.0542452633946228,0.0467004795699803,0.0329956306345883,0.0127619574927892,-99,0.0131100227860159,0.0115630596534734,0.114831101225616,0.0586880095404068,0.356532495433862,0.0196007828123542,0.046591755254784,0.173660877597371,0.00562738933616616,-99,0.164393093451089,0.137989348014323,-99,0.104784016797444,0.0286389927749934,0.0648527716688265,0.111428389681859,0.0577327385823506,0.487281673386151,0.182182434333924,0.0701101135768949,0.23346141646195,0.205263078090824,0.0104215785232972,0.140195511716689,0.00727012202711071,-99,0.155360868494034,0.174420860693839,-99,0.330452369188093,0.0155855168281986,0.0907606608948622,-99,0.028338460933628,0.0935882168458984,0.377785124201854,0.025277814755296,0.189558060458848,0.439956549213545,0.156874957518405,0.00667693552759476,0.0985425189773551,0.273079968507042
0.0596400147062076,-99,0.477298116867644,-99,-99,0.137080260630661,0.0864024864596215,0.0576187955497117,0.0323632631593018,0.0886608028557022,0.116460011305915,0.0261951278026268,0.136021519529915,0.199809166057847,0.663719289956165,-99,0.0127241527488903,0.129581291611435,0.110426379620764,0.0736369793584979,0.0421576127605078,-99,-99,-99,0.0135038468009002,0.0760280450632746,0.0850349834857279,0.0469670957494952,0.0284497177609968,0.0661421451549512,0.00478999254719542,0.0540842852513822,0.410779370231128,0.0726421284573948,0.511194339534297,0.109437609190698,0.0139504819281629,-99,0.0985368768018902,0.124231296552319,0.179360190337882,0.0881171235890637,-99,0.239209972681262,0.0937572799732374,0.108437318978682,0,-99,0.072141111867193,0.0726747707055132,-99,0.100753109599981,0.0254580633369156,0.0774684960411567,0.223968835062983,0.222695818722457,0.137581212194018,0.23924460104507,-99,0.0391230499654501,0.305931079600442,-99,0.107887486224559,-99,0.0578673302109216,0.0206686949530252,0.076929409506601,0.121897933665803,0.0643706650541074,0.0316353563112481,0.00979440102108119,0.168772966976911,0.344969922227592,0.0595609314852606,0.31923440499842,0.155926050341051,0.0877668888949039,0.417319967744529,-99,0.3426275336495,0.0149619315296477,0.241547505106036,0.219878265680241,0.13328369191913,0.396714879296239,0.000702646643658538,-99,0.0911423045739827,-99,-99,0.00906252555923686,0.138104945166182,0.264146231498446,0.0805264141865805,0.0391122482209803,0.168810384404936,0.193370733528584,0.0448648658084356,-99,0.206399460633447
0.0544592409363645,-99,0.0242042661745599,0.0452269541414368,-99,0.0159251948892801,0.0905884894080389,0.386818164842733,0.207365202640665,0.220080871240064,0.16897271470847,0.00178037575964674,0.321220298784843,0.007329252247015,0.011867559113207,0.0251675467288955,0.272524715867604,0.123604846468766,0.0637291777662044,0.0891095550142349,0.00125747761845069,0.195571851181165,-99,0.0776347819994887,0.0467952534006754,-99,0.0103304886121551,0.207507165476416,-99,-99,0.200272824370384,-99,0.0109110542033079,0.523791726997297,0.235647782928757,0.0174351359898078,-99,-99,0.176779859199083,0.107892594009613,0.0159773155827348,0.215585532169348,0.0437715047933658,0.293396242518202,0.120157760251931,0.10683388580535,0.0790122528612938,0.0192976716213162,0.0369898208225953,0.442552719344858,-99,0.0618451089762626,-99,0.518460846976199,0.0215991348647673,-99,0.00547849645181923,0.0187160074288437,0.0338661540773009,0.227452272091634,0.0479628395378485,0.16753920237537,-99,0.184102828333457,0.0264805630559272,0.00480423799787833,-99,0.265694363534182,0.250382264659769,0.0535806835155612,0.250307960258073,-99,-99,0.188973695415173,0.226550381588765,-99,0.163586256973163,0.113633592526281,0.176874645022217,0.173256456589028,0.120127276410755,0.111851962700773,-99,0.0861894582017038,0.221714144532565,0.0636999514878866,-99,0.0479482680122427,0.00873620906337007,-99,0.115851213399662,0.139448355383723,0.041674837066408,0.0345061563319898,-99,0.268915507600063,0.322692002100983,0.449683431831942,-99,-99
-99,0.11356338457353,0.121325447077136,0.149987599496652,0.0109559712000114,0.0904660999854592,-99,0.00991539079080707,0.101184321038138,0.346160163743847,0.00156904773598952,0.0158363338435942,0.430451180598036,0.106580139076226,0.236083284914037,0.0566571548358676,0.0228607423755426,0.164731208303271,0.292864332808498,0.0162969169616807,0.0479842554734731,0.0113447528901276,0.101625700033223,0.0417450154464575,0.115271892826536,0.127552543637338,0.0766833017071851,0.132422675470062,0.0616121011757222,0.0942655864430696,-99,0.013977506069873,0.0669695400509834,0.0376965328310035,0.360805844438959,0.148377494815503,0.0561928137701941,0.0686544951856849,0.15623595664605,0.0570216316688239,0.0762755497425658,-99,0.0890654384349623,0.229111975034618,0.00517158865072817,0.272535762817443,0.206776737566239,0.0505359106569933,0.216392090137755,0.00300816774119534,0.0728547725118719,0.033836990019792,0.0473230896797584,0.456930907790856,0.138461399632732,0.0694397375433102,0.178599929756725,0.22736229303943,0.125503777763301,0.162107935732757,0.133528712913383,0.0788061714567323,-99,0.267936594344164,0.149241342410774,0.00441861642741981,0.023996542032863,0.203530177234198,0.133325984062027,-99,-99,-99,0.0196533481458251,0.0308568396077829,-99,-99,-99,0.025425341140958,-99,0.123695774564984,-99,0.0593333049291254,0.0161304442294451,0.117007586725236,-99,0.0645816159358549,0.176243959591948,0.0865830691382691,0.499749053328129,0.15503478049127,0.0817023090880928,0.0930443950947537,0.228270007591935,0.094168078330258,0.180700123978699,-99,0.465146165062057,0.297377950019923,0.176029281119264,0.317233710191936
-99,0.272305734494133,0.118452403575051,0.282438030945824,0.0458407785114417,0.353518677157809,-99,0.373351422851104,0.0844164526792683,0.038317101372646,0.0937948747832545,0.0589634905102217,0.109650096510466,0.233022976406074,0.270750268330619,0.0255078812386664,0.00687994690849322,0.0253445612635522,-99,0.355428795264075,0.06018327988859,-99,0.0686646834372403,0.0380844289430639,0.0772794059060147,0.371632875015083,-99,0.149812248423316,0.244739039450612,-99,0.0317227378375044,0.0770146303764385,0.139110769264375,0.272472212078379,0.144180095409583,0.130409050995797,0.210712444386355,-99,0.0107730915680789,-99,-99,0.00690670041993509,0.0334938413627316,0.415165803585298,0.0747300918649041,0.177899665716684,0.0904370723222498,0.248067016037341,0.0848464755975502,0.0562255285725056,0.0410276540859475,0.256423936433862,0.11005520292658,0.445933651426021,0.242569986056691,-99,-99,0.0239507488398981,0.148663271551118,0.067854210793438,0.0801613769831852,-99,0.214678526006837,0.0206880891783283,0.0722668519948054,0.30497774757914,-99,0.228709993376483,0.126473586179194,0.0378776234049648,0.0271945987684369,0.160491152284165,0.151280831244301,0.43198276070478,0.214355277463284,0.127270593932019,-99,0.0584218892531767,-99,-99,-99,0.0454229651800319,-99,0.0500283678138632,-99,-99,0.0181887568321743,0.0501983646074722,0.277310511945475,0.335185719123724,-99,0.0249028502744847,0.0407221080296342,0.0961533707845483,0.01107144543064,-99,0.215161412013678,0.0769715071358994,0.0457178123201685,-99
0.364224798824145,-99,0.113215933061424,0.0890247906255285,0.113101723549002,0.120844944780356,0.0519750390426084,-99,0.331485172004901,0.144012067538804,0.0956308389425678,0.0641825355166124,0.0967779834898758,0.00731125823322446,0.0275470726013485,0.0942674880633569,0.112141331403458,0.291920314265397,0.108585565376915,0.0379190819541104,0.267358996285975,0.214713781100718,0.0156054359658789,0.0227135868357969,0.0473800738511098,0.00578530113562363,0.0264656419241727,0.360311471859962,0.00955976898297897,0.00639450830356098,0.0393485341159109,-99,0.0215848132516996,-99,-99,0.334398742183685,-99,0.624056415073797,0.186799571787747,-99,0.0994754721732643,0.0805105028805511,0.0247876779200437,0.0134557135053906,0.00901997701305813,0.0518398629218856,0.0476131971173318,0.159023490154164,0.0781836280044305,0.00202454890709475,-99,0.0131883927062097,-99,0.123495573685836,0.0843270522791056,0.116655915976559,-99,0.0164604456196231,0.0883172952458503,-99,0.0630253322096037,-99,0.00904157433224435,0.158569824590147,0.0796734034630121,0.420103265961469,0.132091251609622,-99,0.117867103167936,0.030432443965416,0.0527870798345773,0.30655748275789,0.0648305657054946,-99,0.217091660338351,0.142494606218464,0.0408898433263476,0.0572690046130923,0.043752673443108,0.168027653614566,0.00942665910303543,0.0376436557581259,0.00300481011118178,0.0221461229322427,0.0466947207485831,0.19296902102082,0.124446580119442,0.129991942930441,0.0435720863055368,0.0212960992550361,-99,0.10269349281386,0.0648272195217948,0.119550787761116,0.0867796349304901,0.323203975478712,0.0750118944803968,0.163632065395278,0.0163402972428867,0.116790402551199
0.0685602759156969,-99,0.211672983565261,0.0455332493280501,0.0935176513951789,-99,0.251609178432345,0.225159321992509,0.300540712893637,0.193628844709625,0.0194046218668427,0.0891111533847869,0.246529627299826,0.203765227085976,0.271955899358181,0.0585448527960017,0.0121437005170331,0.0115736971583374,-99,-99,0.175564129991035,0.362819307216488,0.0361908744928841,-99,0.085833087394903,-99,0.137952389342707,0.0484806651556158,0.100137016110707,0.227119938685235,0.00295306915991757,-99,0.0260734429168578,0.152226689502695,0.215959569856667,0.272969064023622,0.172665948697761,0.247103074401451,0.0561924699643681,0.0920735358253357,0.159275459262305,0.077701388391187,-99,0.260335176281565,0.0174973317005729,0.0193153346223142,0.186620256743294,0.00257558931053096,0.0434204849106943,0.102716610833036,0.10525168679812,0.037160825173531,0.209487295368356,0.373540904849072,0.276454798317353,0.150111257053019,0.00868256440724526,0.0222127615612592,0.0390353745861684,0.0971812963531941,0.025289099026553,0.155652483708883,0.167634246633658,0.0823477116086289,-99,-99,0.179377336981694,0.354385771116116,0.317194693687244,0.0425718549437112,0.193608324686655,0.0921566515796654,0.120586268444118,0.27312948556535,0.0179350942451986,0.0487484413000161,0.0351137194261743,0.0359042516726868,0.103740946246071,0.013809542143916,0.0201290127244733,-99,0.409402131195649,0.0617030048101765,-99,0.226316390450376,-99,0.081980442118676,0.0325713019820914,0.00859427366414712,0.189965233572168,0.209567967153557,0.211246500293494,-99,-99,-99,0.00269857693795852,0.129941669653194,-99,0.0315228107100907
0.129010475521221,-99,0.0385137206188914,0.0585400936711176,0.2950315919013,-99,0.048022955158426,0.307850311446801,0.00935258866472484,-99,0.0599018413757599,0.103313496892808,0.15400260967579,-99,0.137508004542664,0.200723575472339,0.00262125112369892,0.34191895962937,0.182374609967418,0.0987222009061981,0.000277071649674902,0.385983257976856,0.00567603063038302,0.0762385842718545,0.0928248083206162,-99,0.228733820314865,0.0378748921161676,0.0222637309533618,0,0.226985895621355,0.0552427978640574,0.348683572729139,0.117457286390802,0.0796347246657599,0.0885723066033121,-99,-99,0.133951613542994,0.0221583637634946,0.0371292264306942,0.0806506023403358,-99,0.0823983347621018,0.169804434661253,-99,0.214991513195699,0.107851909498435,0.198040528711649,0.119476743516353,0.0142041656953608,0.00109996123691765,-99,0.201354640967347,0.0799481838026396,0.126046481814629,0.07208687311431,0.194329861152983,0.0280244738962032,0.105929888282692,0.347880012281397,0.0481424804216891,0.0302439865339399,-99,0.119716092556738,0.00499273728285619,-99,-99,0.0952344587095636,0.223322361524518,0.031604828054135,0.0460578263535364,0.0205880468780676,0.138361328169556,0.0369678752599747,0.0410354188650749,0.331897831895249,-99,0.0954600564320684,-99,0.0154545279279848,0.0114575307275126,-99,0.0293545710486929,-99,0.0370404942218249,0.012619705177797,-99,0.0644478546966314,0.293823924779289,0.130498473606963,0.0237099216924051,0.0824540514600535,0.0847447183632045,0.443114278262157,0.0193739672995603,0.207865131445195,0.286160515105063,0.0287707416252208,0.0828531998077169
0.0960847612545711,0.42537629113533,0.00803408316237671,0.199619032694319,0.0306785799591602,0.61542246713655,0.0640439848306323,0.0879549856795833,0.180818087569536,0.0515384464730688,0.072692313453078,0.111801481920109,0.0796878250725609,0.141440877089434,0.36530682016475,0.0290271940418503,-99,0.169540684758434,0.151074136365396,-99,0.060934804917154,-99,-99,0.0068511193521496,0.00217887128985385,0.0235712667840186,0.0962710090196675,0.0242355722172631,0.0885591471440147,0.0209336627555379,0.0120493042428946,0.183143044284813,0.426438639016692,-99,0.259188675591099,0.315052432814545,0.0599409780079901,-99,0.119322204529817,0.193628430962042,0.20658864838553,-99,0.0303191294722148,0.0549135204861511,0.0729647601979987,0.368198810558949,0.539710728633113,0.311943548635097,0.0171725596219332,-99,0.104900543734632,0.0429558136386975,0.186926627404816,0.508361834725257,0.0583201040642078,-99,0.026565027190083,0.190199732008645,0.00175613995617189,0.0681978932377648,0.339193646793269,0.149833645910119,0.0803989892221767,0.0780948402478848,0.0314087051274977,-99,0.213008530983145,0.110322757798669,-99,0.053311780239471,0.0169217229396288,0.157333023463952,0.0963649244609217,0.363680712098789,-99,-99,0.107725683391147,0.184909089262609,0.03550938004701,0.199863701929472,0.0258547491324715,0.0586796328596867,0.33716742706445,0.0657537323842349,-99,0.713883903416853,0.068187086518974,0.361728983579535,0.0872133435682523,-99,0.20960267744441,-99,0.0722934215166838,0.0188898635402954,0.0056075369539077,-99,0.0136326715978835,-99,0.113633415746644,0.128083987457714
0.297123800998452,0.0134691055836506,0.0448097995595247,0.0806032328248154,0.0548240104712874,0.0703045739490712,0.0384128665395322,0.137739536828892,0.0464907850674758,0.0473041419588159,0.128960871001183,0.0191183626241506,0.0349861625470913,0.215899762344054,0.414739283383684,0.0771175437103109,0.0341512165055126,0.0734485132133079,0.161161384783311,0.100076221081897,-99,0.282189081041794,0.392179338094176,0.143156046487236,0.013400620566608,0.35679967624115,0.017511015111924,0.040013110730089,0.344020715009978,-99,0.152804412846037,0.215881727866191,0.00043956637414153,0.0225068536580937,-99,-99,-99,0.0036631472380787,-99,0.00786251670560643,0.0149845152321321,-99,0.0178131496611414,0.483628432616675,-99,0.447981480226653,0.19329664935925,0.140991075827759,-99,0.00558159733394448,0.108786445506791,-99,0.120315868999733,-99,0.0659351645110161,0.42850143276238,0.126611557322248,0.00261985969729153,0.348989199540507,0.12318711947791,0.0246413178464081,0.121220722934907,0.195369981679402,0.000221521823563607,0.119077701016236,0.0687580397045211,0.125674336610457,0.0931796617829424,0.330459284305093,0.00604497390172278,0.0900786210645075,0.0375287183508522,0.27026370280455,0.142811952609853,0.0551501183405539,0.12213159183552,0.315580148943016,0.209191626027995,0.266947499775876,-99,0.184500453415667,0.0396969451281988,0.0388804593680703,0.00177912587185972,-99,-99,0.00652022920343916,0.167326038441784,0.0699842667116849,0.487027349454912,0.261457257229628,0.239618313625355,0.0685099090729019,-99,0.289866871966454,0.40969047873168,0.121588361521662,-99,0.0137603267009965,0.0429533359805466
-99,0.0629187224679526,0.0528404808109342,0.314962813076233,0.232908239010016,0.127222197854224,-99,0.0180495372282587,0.0577391770955285,0.060627272637883,0.0566877894684762,-99,-99,0.00466451665165038,0.0679425074510579,0.0758855782886413,0.00971818705844221,0.336725556931272,-99,0.0110244282710034,0.266376224505591,0.106432568095247,-99,-99,0.0512788813622096,0.437616422124415,0.0866194101297381,-99,0.062329960396024,0.11081122548562,0.116700526755301,0.0304114960094405,0.0255819403624096,0.00563189150485689,0.0624030750960577,0.0204965729979217,0.0302449431356765,0.190467419035937,0.765389992563197,0.0229706125406258,0.0441121595466267,0.231441917109871,0.11183770727123,0.122615756869488,0.00368232911081417,0.0239399171637306,0.0871914476649898,-99,0.363377199634778,0.0745393196786322,0.00140392154770194,0.230811934725205,0.159788991270027,0.0701189332495884,0.010176327036772,0.00614768926118791,0.156840875735449,0.0523454209959395,0.106920931478174,0.0002731548042345,0.0258486006395033,-99,0.146775640511701,0.109589497873932,0.399166757693955,0.195475053198382,0.173389143836269,0.199676546174605,0.239208872348914,-99,0.136256198541502,0.0153949769832682,0.0120073893608383,0.159035019588555,0.00259856370892237,0.098049753702887,0.0700142900436741,0.0711800430981198,0.00545259817556572,0.00477045940744308,-99,0.0517463484236189,0.0521372452997526,0.114829899092963,0.0733531230051106,0.208223229384851,0.173272635315058,0.145666430917337,0.144253202071789,0.511599978627893,0.148163236000775,0.0682032591233424,-99,0.0279019720306983,0.019716566017836,-99,0.179763762741465,0.0872371081339349,0.139193419677559,-99
0.280559193735879,0.0328188162639297,-99,-99,0.214846959125227,0.545139997985585,0.0579785566948987,-99,0.042004617609891,0.0375024036773234,-99,0.15192391368151,0.0268229493357254,-99,0.0339395251986075,0.163185759820852,0.139598721144323,0.00912584854549817,0.0508340853791607,0.0146599986585373,0.0542151605923208,0.0613339514903569,0.030346557695754,-99,0.163072408544502,0.0538966429704829,0.11007360227876,-99,0.0108074935246682,0.235892821910458,-99,0.246616988906584,0.124861396222549,-99,0.0901021907245314,0.0609915990808354,-99,0.0296800023776507,0.264382074106364,-99,0.15463361821427,0.0862209084750677,-99,-99,0.191135410326857,0.139375571959237,0.0235724151848267,0.0359319367622093,0.139947758318663,0.03702093506643,0.0911509344930646,-99,0.0208542534236345,0.0829964655571096,0.0348558422402531,0.0758660946067001,0.0519217883676585,-99,0.0376930869720874,0.0161746111029161,0.0785847674266059,0.305161572823846,0.0579928069448993,0.110772352190111,0.061215272220588,0.0550956703725106,0.0485301363278095,0.0129153090971886,0.0474364475090501,0.0909201189243735,0.0279024007617128,0.234581321548711,0.340395993553449,0.220197940367226,0.0497543138234,0.051639442718726,0.0365396578161877,0.117445198228864,0.0820003887268038,0.0810078987971704,0.00166823781104563,0.00516870789396895,0.0247149173774634,0.00279407336220064,0.26412234298778,0.128425131582854,-99,0.0760070943720069,0.413159031662619,-99,0.0166415213395513,0.568199198306231,0.531944241093231,0.167134808644034,0.131737557095385,0.0975420338845957,0.0196226956256674,0.305175205008453,-99,0.081391074723977
0.0485469324633176,-99,0.10206126632245,0.0136951353779656,-99,0.188990041824164,0.0550248343033651,0.0323553819411226,0.0776063889628598,0.0748152962976509,0.0765453958666754,0.0389700008954954,0.0437481804211529,0.0250630127370259,0.207387032949436,0.0651811150320179,0.257501676729171,0.0755394980907966,0.424125555464586,0.0609015785914833,0.0906941746043474,0.265683421618642,0.0872487292875711,0.0637540975585552,0.0427612066182929,0.106192562276578,-99,0.0199779405651098,0.0231151791756375,0.184038587005679,0.0111656760244741,0.0421851615372667,-99,-99,-99,0.0563598256462912,0.228080886487161,0.0357399221645867,0.123665892024939,0.0792170388525682,0.0796917289118244,0.0945912908516658,0.165869998015716,0.0629401219862891,-99,0.140213388418139,0.245535593258716,0.0696686290451753,0.240639623605622,-99,0.0084161974601752,0.322124979164372,0.011574509477079,-99,0.0707364051471526,-99,0.30065258829848,0.376836444779035,0.129950600318821,-99,0.0100986338104597,-99,0.0926762715522557,0.00164306971367153,0.0103639767215299,0.149899189749285,0.0616186888550989,0.117732496544073,0.0236379509622166,-99,0.255889928832119,0.0128623228069357,0.0563696109820454,-99,0.0704894906800794,0.151625875276011,0.0473116987758921,0.1314792333519,0.0523928005922104,-99,0.151928070461176,0.14865623768031,-99,0.0225313316454108,0.808400794281061,0.154307896516964,0.123591511384131,0.00100630441149572,0.0708943070994613,0.0398896061044952,0.124371297026111,-99,-99,0.207767924761726,0.00852738009612654,0.349718872184279,-99,0.0384228379537461,0.169177056316302,0.214206257358486
0.00137051833889089,0.309747051992177,0.216239854711518,0.276997353113213,-99,-99,0.0438505743673079,0.184989501598726,0.0540126639139925,0.13570324751868,0.142610426175748,0.0329732261998811,0.0102231520253509,0.138400363994205,0.147206534884345,0.0110742761431143,-99,0.272070427980625,0.172872738602203,0.0329976958123843,0.10330035417113,-99,0.255983743330697,0.0749233713265496,0.251561818157887,0.0399967866115627,0.375558430654586,0.0561956255389269,0.0944406055122366,0.178710392799658,0.0276499503908736,-99,0.00185180717916399,0.258439222263825,0.211260096952321,0.0373894689173283,0.437216529843713,0.122485594189796,0.147994755541378,0.0387192883610825,0.0219079895577083,0.40175960576347,-99,0.0358754134460685,0.0301685462440337,-99,0.0290906976745362,0.31482002571052,0.0216311832333761,-99,0.179225233313256,0.00873377463214883,-99,0.217193120363926,0.041143129227234,0.36293413595789,0.0900121353591862,0.0187542817139068,0.121035184341778,-99,-99,0.0457090619558779,0.297590036398146,0.101895696215849,0.0103565277821146,-99,0.10551860968275,0.0411848515846309,0.069971352422466,0.218769381006123,0.111778947766934,0.0413497857242227,0.205336312041074,0.0268167996338873,0.0478236540046246,0.185735117278994,0.00149567932260324,-99,0.191997512788735,0.190083290793125,0.167699595773106,-99,0.275860462724232,0.162106009810162,-99,0.00139199798005049,0.0898299937178658,-99,0.0389303877244373,0.438344180089605,0.380241480063591,0.163680067794687,0.0749046598766784,0.0702912879196948,0.0144476639570211,-99,0.0663971474066667,0.0140624722571701,0.0612384757082877,0.109784229749104
0.401280599577932,0.106810854954794,0.0122390003889995,-99,-99,0.034642789850458,-99,0.0918499137096468,0.0621621558301188,-99,0.0549096230551447,0.19863323651227,0.22082713282825,0.00471884602190237,-99,0.0504826269005656,0.0361276411124284,0.234225849471549,0.263809611498202,-99,0.00448484923513903,0.0328141934468101,0.0524480002829151,0.00438028384948484,0.48285386855953,0.0391454748024673,0.00781357184903475,0.0566897038006963,0.0828959643415882,0.0462347319307765,0.00153140798922539,0.213401791816166,0.255413247498403,0.264322224830634,-99,0.0513168138361967,0.101575608447289,-99,0.317574676039392,0.170593748639616,-99,-99,0.364927537969916,0.0212226623444964,0.126552750561432,0.0123065564507881,0.0864118528949289,0.116894178960168,0.117170280406585,0.0632592681829899,0.202590018252757,-99,0.134961771069818,0.0125470755659259,0.16978523932536,-99,0.191398404455742,0.0557789989716059,0,0.052892999421058,-99,0.381883655709122,-99,0.155385084976409,0.12265757328348,0.060450756663544,0.122033038779619,0.16974124211425,-99,0.0551266456666549,-99,0.24302132503196,0.132138847843043,0.288660644885243,0.0119197085705096,0.0823203269602309,-99,0.172424921509909,0.0665245975568969,0.357531763050297,-99,-99,0.156597579511869,0.0516543087729942,0.240256261414492,0.056559054493498,0.108270217836421,0.0655444648787894,0.00965385839724399,-99,0.00702931733394765,0.00102868224372954,0.0122801899117313,0.234729786894506,0.209654319408456,0.0743609646917221,0.152956457213818,0.0430013122278255,0.0403032866314332,0.244350171381529
0.158755426561942,0.135453673494416,-99,0.0117570343448882,0.202382928450839,-99,0.430098811736702,0.12069443957763,0.0675766438981979,0.020418238204812,-99,0.0226009449409649,0.149710093432451,0.117593029749181,-99,0.0511314030610001,0.0709177284942315,0.113092393175539,-99,0.0608999688293362,0.113048172367266,0.168071346033441,0.219955976113345,0.313366128949504,0.031612950403117,0.0821732543090755,0.0775358260237379,0.0805084319476146,0.221059902148172,0.155817760211551,0.138228193277121,0.107776678822307,0.116807047319258,0.150278245575215,-99,-99,0.12790008612661,0.00286653736500584,0.103277277900319,0.131211296345427,0.551049925232522,-99,0.501488267984289,0.232510460250977,0.077814609445323,0.0419777126104979,0.0205722402690826,-99,0.00121433119102662,0.363200192072098,-99,0.0689631638380391,0.40326808789408,0.0444303013419012,-99,0.27308661330534,0.0261171271025766,0.0316150938776806,-99,0.0726411513806154,0.0717335025426329,0.391206167493111,0.0180064190419731,0.0477420304033078,0.148692715015608,0.0256714134036002,0.0618293514959376,0.149958705537462,-99,0.286803416078251,0.384355044506257,0.239570986077574,0.176129140365791,0.0182595020256198,0.152928149379334,0.00550695137110766,0.23979467506613,0.147029843986293,-99,0.0327059712051897,0.116397099125113,-99,0.0729780672033987,0.00722195083333199,0.214974698615908,-99,0.29622963211512,0.0840513633187315,0.0923107780925582,-99,0.188628929119271,0.0141922868297966,0.0208490449573427,-99,-99,-99,0.111881848203148,0.20086944717144,0.112213130949515,0.051434718488244
0.399880680353677,0.136762975120846,-99,-99,0.17421041012497,0.0177501246266038,0.105721806435335,0.0990404375725479,0.072377153028067,0.0144459561384658,0.0472239750951837,0.0457912681958542,0.000931833268180412,0.213380977651408,-99,0.0739845084605159,0.0568198720796188,0.0974828476593961,0.11688651108776,0.107908805730933,0.0438612182538269,0.0293218087293921,-99,0.108203161266986,0.0011524535435422,0.0770005349543829,0.0534758183190772,0.218137469398688,0.128711105403905,0.045902194056406,0.177047064832946,0.0238235830458045,0.023970253813707,0.0602777929131428,0.263945194037908,0.068965096316859,0.230336865706173,0.0696134512032917,0.0607770484019026,0.537116145888169,0.174762994018395,-99,-99,0.0254245641864092,0.139219082751903,0.336666730525758,0.0963033643992588,0.176418656023082,0.0726734487523784,0.357257856292872,0.423857534441153,0.0511682020272341,0.150569123360376,0.0134792924706624,0.0144027771479941,0.336209364957793,-99,0.202571315395433,-99,0.140913347040294,0.0693600489256867,0.246433361247638,0.0905602825637184,0.0482371215194645,0.191434392564876,0.232937033245943,0.153928002227813,0.0455746898020569,0.0910845000359148,0.142417843119236,0.123676986921291,0.0543722331407149,0.0114790276706954,0.143963805301972,0.0359268644570201,0.303358832563782,0.375186440408885,0.0466265601427859,0.268948510132676,-99,0.010413790697105,0.113383034508062,0.0999205062194688,-99,-99,0.0552383281874577,-99,-99,0.0809310811885673,0.304891170341875,0.112535246885063,0.548225291923365,-99,0.0101518451189072,0.105315013652767,0.141239227318981,0.0380518375219046,0.0377623810579401,0.541749759623543,0.0437628794369073
0.40724517041261,-99,0.104659076512621,0.134623359779722,0.283700569052852,0.00409891710136144,0.040757340065773,0.2879563784806,-99,0.0529094813489738,0.132840108102247,0.111602131659251,0.0761087174388574,0.295901631818443,-99,0.0766082520901637,0.0422094101851935,0.0126953846004574,0.344348381609089,0.0562772402376086,0.276832717537448,-99,0.0758655277162783,0.111956956930373,0.0710602406723495,-99,0.144870999355988,0.0898777534079841,0.17096705022235,0.0639829281183776,0.20102626738127,0.0202344845919498,0.17888937754556,0.0394694235720543,0.035800036992557,0.10422287847173,-99,0.0301311518975042,-99,0.206437883031446,0.00226456419919293,0.294969543666232,0.0588584465340185,0.0435714466756076,0.0636855318661988,0.125445782373394,0.0538706135861374,0.261130581514129,0.0338993051732126,-99,0.26064173228903,0.0906302576176041,0.112781579358888,0.175026571991533,0.00678266930433436,0.0164673701589554,0.192855479920311,0.178247384184116,0.0151660214000702,0.00921120437454581,0.225446336832589,0.206960767740175,0.26906641095531,0.0362109199477837,0.0217295175553651,0.32360702405777,-99,0.0875701117650037,-99,0.210442753667951,0.0475911041634401,0.0375340183575348,0.180056144653336,0.132981464232772,0.0344103300417589,0.152307310603278,-99,0.179295986953331,0.0546710769240884,0.0423887898474142,0.172939757794392,0.112920367112632,-99,0.0532774687562512,0.03407092858825,0.0188633345054917,-99,-99,0.0960336676852255,-99,0.112905935601607,-99,0.00811281822101959,0.0827807846449519,0.0945191531568112,0.228903899865923,0.0472981834357337,0.437271356806801,0.342544766343421,0.00283077847166584
0.294407858566978,0.10361385012819,0.535942851156185,0.0286442107333308,0.0735919558846607,0.249066765656096,-99,0.189604534963992,0.467221181076308,0.00676360109217375,-99,0.262865194795537,0.0528676600747247,0.0391340069662099,0.0601217393353503,0.0377394973017831,0.108803500252752,-99,0.164218457588471,-99,0.0815097040947365,0.0646116228332977,0.133486906476503,-99,0.00111974496300815,0.0207324436187483,-99,0.0467109722404534,0.130079097989803,0.00863417029537963,0.0816331319260185,0.307786694708846,0.0225374128816063,0.0124946260513639,0.0810882123641588,0.161382299032529,0.0422334213997408,-99,0.0722206993542033,0.158993807664052,0.317613047783688,0.04062743427194,0.338954432215679,-99,0.145609111824865,0.1476369858287,0.469779041430529,0.00955424410409595,-99,-99,-99,0.0443944424325458,0.0598091671732722,0.140535446372272,0.607163109845319,0.0521782492703746,0.59562366300952,0.120653297934253,-99,-99,0.539037416681065,0.0390088408697873,0.0661060962423387,0.133067085341606,0.0941473191512518,0.171748339388811,0.478241744746851,0.035854042830196,0.244816487845142,0.0963253885706455,0.343007006422832,0.0113271685746362,-99,0.0293394830349073,0.00179418392451985,0.118750248465288,0.203697390423147,0.0582927502980439,0.164970941720237,0.00347065012730417,0.0484661587793409,0.111909604099939,0.123375375520115,0.00975690310428308,-99,0.0330087845632346,0.111524203666098,0.0370314527320918,0.142124015418686,-99,-99,0.161960885014039,0.0477934197660536,0.0688002380232392,0.104294032959254,0.0571227571406191,0.103906406255466,0.27374862691752,0.0809270148269231,0.0888218063458593
0.0364367734534947,0.125590659218184,0.188163229075282,-99,-99,-99,0.0531415501134401,0.0427149715169419,-99,-99,0.0384193019331107,0.0646755408446018,0.345264249927733,0.139531369378889,-99,-99,0.0956051594648975,-99,-99,-99,0.174595023550502,0.0286191558232309,0.140882787857553,0.0362053645110438,0.0633875346162518,0.380158971773641,-99,0.0012080398741935,0.308851965359559,0.317770381613276,0.0622254436360792,0.0715169940143779,0.519408991251852,0.0871649305545361,-99,0.0684574203141358,0.151031422976512,0.140246164310143,0.00850568779355651,-99,0.0239516410820219,0.0726256194381095,-99,0.0142211279149605,0.143530707147447,0.0751957103432118,0.0462431631633581,0.224468044351321,0.0325984673821021,0.183690694649262,0.294576463238819,0.301167434170011,-99,0.0174974227026494,0.0982286312362687,0.0132471778521541,0.0464222580233839,0.0179122814876946,0.0639879472409104,0.0580125404357275,-99,-99,0.0230579349233674,0.284067401650483,-99,0.311638670367907,0.0150802633701365,0.0119304294444639,-99,-99,0.357396021205776,0.0973948755567248,0.0965482416970788,0.041606932583536,0.263269720938622,0.0358822350478779,-99,0.0527929328496359,0.0649017896432154,0.0103460508330752,0.0753668581399894,-99,0.0175639066893924,0.073569799890939,0.0248428827169441,0.0548577679439419,0.185923419466555,0.0215381079565735,-99,-99,0.0091815632345677,0.0999845394114664,0.155188832138794,0.0573094967977774,0.161949569768696,0.73706049207317,0.0539119929983255,0.233719377333304,0.110414079135887,-99
-99,0.00516362607150835,0.0312937982131292,-99,0.3381066722889,0.0440868071336967,-99,0.127059892113991,0.324376342947904,0.0139423178347901,0.0230901345017583,0.107564582317104,-99,-99,-99,-99,0.0712007642157292,0.146514766168625,0.182531840698507,0.358225720272061,-99,0.140240905813682,0.238769171524902,0.015446391053032,-99,0.258390568255408,0.231502365843963,0.142593784610344,0.0403530434712841,0.129692317642477,0.121451949207275,0.050930253495048,0.11862389106825,0.344161446629757,0.0951045821003861,0.08124133151992,0.213067276793517,0.111880408301781,0.0520847171023422,-99,-99,0.0971168118145644,-99,-99,0.0922898730368668,0.0200900874443975,0.197804440676401,0.309999293647009,-99,0.179541167174017,0.205716810610208,0.230009489582648,0.017238153033473,0.00874105465636093,-99,0.0439983256927838,0.0107094193703679,0.0711120866237543,0.0307807511012566,0.0114635664744849,0.0118584477114817,0.0386119442064043,0.0851127076239723,-99,0.0820385612750935,0.00834014627774948,0.0996428222230804,0.0557377783564197,0.148032356985643,0.243599201858847,0.161062477671675,-99,0.283764741291982,0.0444655447059466,0.0486819111618117,0.133175922958443,0.248210230828951,0.0562712627138006,0.00864482781924902,0.0110642759199402,0.0487501011060637,0.0208610468069927,0.0295154980657943,0.00960668313646695,0.0515188495986897,0.184155871683184,0.0652543487513962,0.0682439582161982,-99,0.144334245856177,0.0289212612294264,-99,0.0874066434908138,-99,0.208899570562367,0.0946715936149024,0.264028378724261,0.312883897487667,0.122350500333901,0.0933499043127825
0.149423383857076,0.188772231077728,0.026412518005474,0.301007751481542,0.0773512367735657,0.200774097077422,0.150917068440331,0.0891093994784331,0.064042630255819,0.1007752656117,0.0576054079242779,0.122599776616702,0.223449651099161,0.247746985534941,0.375549897396646,0.174694827449814,0.0935919828295409,0.0172892847156651,0.0255355815627873,0.0825837314547742,-99,0.0519575598986523,0.0583879773017238,0.0771991509886051,0.0378416359119796,0.167488524454762,0.171994700877638,0.342980367644604,0.0998426469734828,0.181623959562376,0.0600303945482797,0.304086380881486,-99,-99,0.118889788654219,0.417297062886631,0.0455694669106597,-99,0.0676654745371263,0.168682973476353,0.079651502230862,-99,0.1102949132993,0.16516729040017,-99,0.0456843200109961,0.0707720318617613,0.0423532447277352,0.271255244610568,0.274470273193387,0.00671082939062832,0.176401580911323,0.150798415901718,0.260849412870182,0.232753166342706,0.281968464387338,0.0532962013749059,0.241994893962513,0.028574741729778,0.155733085247587,0.0573739500309393,-99,0.209967995682912,0.127753255754858,-99,0.166883795096004,-99,0.250398290847926,0.0289698967923973,0.415159716482181,0.149204890493511,0.472338965253333,0.0138011193208428,-99,0.364154358031244,-99,0.391892975345055,0.131008890283772,0.068471499690514,-99,0.273665764371027,-99,0.00327704589663222,0.0958053296368724,0.0837734102841066,0.203241558797182,0.0805734358272509,0.0537740608860465,0.0443785407438694,-99,-99,0.0184525184926039,0.0790445704631387,0.0698989108193133,0.245440119403974,-99,0.0529206844043961,-99,-99,0.0096401431949135
0.10851019912352,-99,0.0010041176478286,-99,-99,0.0706963362705374,0.168379729297746,0.266207696834385,0.0140809162501169,0.119320121920484,0.0716848138967689,0.488791622612853,-99,-99,0.0493411217748109,0.00483560803271409,0.0932296132121982,-99,0.0501492610192381,0.220707448191545,0.0308099077596879,0.150898708520161,0.0667096366258233,0.328915514641929,0.0493489676837146,0.0815563446885089,0.0986213227704525,0.00433530546647575,0.0253344489138999,0.134638733710471,0.193370406179363,0.0360376361428643,0.175550859606815,0.0194459241404976,0.0189406825943017,0.12445769279831,-99,-99,0.622501051621201,0.0277258839744441,0.169602484658822,-99,0.0232588269560807,0.0412555279987704,0.00945836600465272,0.141747455487461,-99,0.0552822522772722,-99,-99,0.0074032574120872,0.0139213141088234,-99,0.0928472512600852,-99,-99,0.0862561025759789,0.0163351342505484,0.220778311285339,0.0220194819054303,-99,0.13962365334619,0.0112292900314368,0.43591143515243,0.0415174363144103,0.0141318553194277,-99,0.0294537162656472,-99,0.490297281281477,0.357430954112391,-99,0.14524796812173,-99,0.0140779960433126,-99,0.143958603294667,0.0321070710435764,0.32582866082992,-99,0.197230279966807,0.0662251925997833,-99,0.0736490556626952,-99,0.240160386530429,0.0383818202132752,0.249195439406732,0.0971812979407413,0.0678977237249565,0.286178405866785,0.0423356868372098,-99,0.258943514753363,0.0141735983642929,0.266765321530559,-99,0.0999542135189282,0.14916440736786,0.149002335349754
0.0660213420786824,0.0298900187193249,0.0535056384055863,0.0588980533451752,0.159694233862288,-99,0.0865298349619711,0.273403274285889,0.224990126742327,0.0757171443578409,-99,0.0662321588377996,0.0713551495994255,0.308778449194079,0.254220915382382,-99,0.0652584001811185,0.190791669087508,0.0977255934175697,0.0326087003255056,-99,-99,0.21810657021429,0.208275700365554,0.0146929772834423,0.00869640300426029,0.15648741262003,0.0429382461586945,0.192710928998309,0.491662840960094,-99,0.192240666115735,0.170549767904966,0.191575446876632,0.00449211811030623,-99,0.0263542037259721,-99,0.00761787624745906,0.379885103673639,0.0816896842195748,0.0354310642368588,0.158446634079939,0.0635126777132355,0.0681969672815884,0.279441716374241,0.0649777450410426,-99,-99,-99,0.145728595747733,0.17607784528718,0.0127524988504725,0.0223791287343376,0.0760368266710932,0.00551803097394969,0.00374020113287909,0.23000445032984,0.228566899288967,0.0695674879088594,0.0195459129912258,0.0234578494547559,0.111382494023504,0.27759845220768,0.352918523571705,0.019780756434115,-99,0.00362313938723885,0.290654442909005,0.0276075272367954,0.0963192971773057,0.0340150614514562,0.283659948267174,0.161542638446265,0.0585459176754917,0.40611621355615,0.331884869226235,-99,0.198327135282699,0.130900191596413,0.185163209696032,0.00595579845778276,0.0344524122186664,0.0669054882065348,0.20010493591815,0.642074279758906,0.0242966888648557,0.00537348286713605,0.173900307638849,0.184080727802336,0.0060118533049449,0.211363398946772,-99,0.072210390700869,0.23602196707593,0.00226049856592107,0.21487831096481,0.145868218230154,0.187684040337017,0.0354933563855144
0.0259585745189201,0.0485530064956244,0.31617653714351,-99,-99,0.0394672084210553,0.040022232086156,0.0695643226745191,-99,0.110560375588623,-99,0.0785428552472231,0.142074819519444,0.00542910976759965,0.0524188212952129,0.102901358864124,0.050900620720887,0.171952004235319,0.0230266460705337,0.138745854980684,0.00716652493378196,0.0631919930713052,-99,0.191337361309666,0.0245439559429127,0.0939895218442909,0.0595814591379648,0.0685937156342909,-99,0.0824993408600141,0.278065791006384,0.0339749633667663,0.16327568274177,0.0812605875128972,0.020007127799571,0.236365532113918,0.272102551116917,0.361434222402757,0.213487731807706,0.0100948794990319,0.0405388664008036,0.00747396607882345,-99,0.0352004438919076,-99,-99,0.11494683358773,0.145711673920596,0.0482030009095912,0.537792041029478,0.0615571932060529,0.118635090238316,-99,0.0744083021482497,0.140553276908564,0.449713041623048,0.25233864673904,0.307587590468871,0.124281896670951,0.0223168122667172,-99,0.0669002940141181,0.0383846387604557,-99,0.0125789718113112,0.374381764131377,0.062407035904338,0.139274613002621,0.219104614826609,0.208462425576569,0.665049652685799,-99,0.0346503509865669,0.0038743667817345,-99,0.0121878287340918,0.0805798236438197,0.259727027730483,-99,0.115787498297431,0.0597551605218753,0.247466079384,0.161138873051204,0.20166155449363,0.254950826652322,0.0907008790612027,0.170162586103542,0.0175530114777896,0.0585810956358395,0.0973620363587702,0.0702564083216315,-99,0.086301853674573,0.20395385005706,-99,0.38713809958728,0.022142685156924,-99,0.0488306897814408,-99
-99,0.17770601887775,0.0109156722777962,0.0818653178784351,-99,0.0356586484322047,0.262547427338716,0.052638674218659,0.0829501805457078,0.0104130036011416,0.00134574833352465,0.360244572269128,0.435777834655356,-99,0.0257007002216174,0.27083299853408,0.0219167719411213,0.0851403451992782,0.044971938261894,0.0801522594888563,0.126553930642621,0.115474870075289,0.0644474578079884,0.204857418596534,0.0118460937956013,0.0400659676852987,0.305650564968067,0.0163910795290865,0.0158838505869546,-99,-99,0.11043585433362,0.0386589989080686,0.284273944440212,0.085696462971883,0.0743273767051437,-99,0.106259373459491,0.202478593583284,0.126166440254662,0.190603574187373,0.0563002370303387,0.28873414392894,0.0235661441850708,0.553239567036887,-99,0.00972258739134636,-99,0.0472817398887648,0.16667621763405,0.211194097879629,-99,0.167173077720988,0.323284097087975,0.0242835398915179,0.280888924119809,-99,0.679925518160313,0.143615344824518,0.000749708538441377,-99,0.322578747781088,0.0127951090733985,0.0153165498619446,0.20600430900495,0.114351222765883,-99,-99,0.0233862294269005,0.25336842230648,0.0662371116435895,0.128368887219857,0.121150593043885,0.172061431716214,-99,0.0239950879049325,0.028698114931042,0.0174569716652822,0.245051822782494,0.0186751597700372,0.0605653475537933,0.0106753362918844,0.106476623032946,0.0358824926400367,0.145768335939776,0.0271379433762228,0.100921829013709,-99,0.0385381411300007,0.0111460089572529,0.0611928522927697,0.00226389370711869,0.0153609663823427,0.125354125522926,-99,-99,0.0855231042684534,0.100892221060743,0.0457706658912936,0.241678053657036
0.490734448589677,0.00343760847039504,0.484060691513368,0.299259285147521,0.427615945344664,0.0752465703798518,0.215063080557631,0.0260270291089256,0.148590407528746,0.115521454595929,-99,-99,0.119455644605298,0.00865689544145954,0.48353575485964,0.0349660727280691,0.0314633136809052,0.344031517836114,0.132913854359741,0.173131795893677,-99,0.424460737680429,0.38118212728402,0.0453652698436196,0.0499277821790014,0.12433825246959,0.0143511250742109,-99,0.551983921181608,0.420063584748601,-99,0.00736786085604035,0.0339155427088672,0.231059792157503,0.00342748587232869,-99,0.0383347504801027,-99,0.164520407729946,0.0228894997961356,0.163203087315225,0.176174929630214,-99,0.28713135478125,0.146791311596725,0.112406934672949,0.0708652369308837,0.056180155633082,0.0274790629032594,0.16846093973101,-99,0.148498201282824,-99,-99,0.0351480533235059,-99,0.0781920583813474,-99,0.0469809080523144,0.0873274237171485,0.193576187749796,0.0805498832388597,0.0321094723400892,0.0119442049609134,0.196292353160179,0.189013893881944,0.0199009280285784,0.0225781552924912,0.0524953220897223,0.136948081174699,0.0129081562309804,0.189011275588067,0.0220349962025112,0.186106521518875,0.0464539410954599,-99,0.0842814476890075,0.012159349635757,0.0058052341795195,0.540457247863512,-99,0.0133007667561719,0.0691277516353643,0.0842617747349997,0.256654686644503,0.22227483323009,0.019273152364356,0.0454643145883054,0.0912693288137413,-99,0.0334494187266862,0.0295319170500607,0.0490225209184675,0.198038845570142,0.0275755351711525,0.0373781310918762,0.37959917151336,0.00677115478267842,-99,0.0645795570990073
0.174343635982672,0.0763944424252374,0.0539481999919668,0.214166923762795,0.174384450548097,0.140756235217021,0.00107154711805312,0.142175385127019,0.103333045022425,0.106663101545626,0.0637707806443805,0.0272379212845719,0.135095309549594,0.137744265271002,0.189962264380561,0.512669601535931,0.141740302587335,0.494598673273884,0.149860851221742,0.0129928117545613,0.0408215281925866,-99,-99,0.0478892200571636,0.0668452915176805,0.00280358311650502,0.312991283343836,0.131930439040462,-99,0.0506198328875638,-99,0.122630103239877,0.197985248571871,0.150236647602774,0.894837215188842,0.181778663977775,0.00494708043507054,0.105399743553093,-99,0.22019862902344,-99,-99,-99,0.0490118362040028,0.133062186982587,0.107372895462786,0.0220123082229182,0.0859707594848576,-99,-99,0.04734524024321,0.0518331419594406,0.0888989617866644,0.011423087080329,-99,0.0657106977853975,0.246160501548725,0.0480102880255386,0.0505725956799906,0.00486702519215065,0.510372141925834,0.0858533848104006,0.222011986094952,-99,0.0768017002120415,0.169258951689861,0.132139732055787,-99,0.00292497727005849,0.118495382053861,0.128195298680075,-99,-99,0.0280921482057734,0.0525226146455443,0.0961583120847937,0.0334149285421075,0.503499129690129,0.00167766139139952,0.0113621884679005,0.121909159357362,0.0510888165181841,0.314915783050755,0.101634623228785,0.0733146583361342,0.300050118257953,-99,0.00449710256822597,0.095197498529295,0.137213944179814,0.136406459696715,0.0529634147633369,0.209716272397032,0.544478881571045,0.0333501907510538,0.0529334973379178,0.0857006398716054,0.282788181597404,0.135247109403195,-99
0.105479466581186,0.163119286127566,0.0142117803567417,0.248408680409893,0.117620034871037,0.0986497980737601,0.147776585957259,0.260561041479689,0.0186043453621084,0.227837983733779,0.00232635600036411,0.575369228144865,0.404362660736885,0.0417260513296661,0.205944482269813,0.0975621291709101,0.025814504079209,0.0519025106994147,0.161239202710202,0.00592225448312659,-99,0.085502975381102,0.148434801159263,0.0448449760484563,0.174195088831854,0.124363854587608,0.00280277478718323,0.11612447720204,0.0610471604890537,0.0417790088584702,0.0698582063034925,0.125635500928873,0.405885936355847,0.0642494206492437,-99,0.00138798637841266,0.0996085802225448,0.15709425948022,0.0119543145182934,-99,0.0569768210810326,0.074347957661447,-99,0.157845580660204,0.0403479496783679,0.0887802282149227,0.00578678195664042,-99,0.0651111051405338,0.0928793085933087,0.064049735969869,0.106704257157318,0.0412759579607972,-99,0.107380147890267,-99,0.133719446865102,0.431524768241154,0.198396947844095,0.0179861220561499,-99,0.0432621853890997,0.00577770172647139,0.0859507464457449,-99,0.0192551212161104,-99,0.0202810345137192,0.534442094909599,0.142961279637907,0.0526957820319851,0.297112244616068,0.194131279066132,-99,0.0873944465629947,0.0692397963624775,0.00266337694002723,0.0466500469958013,0.0339332855658686,0.00542340639874324,0.128755518738389,0.0217132579437127,0.0310857459157663,0.0125831784705748,0.107047727871096,0.0219960820589276,0.322080558333854,0.0281918999788395,0.0432590103602167,-99,0.101773880631648,0.0142140665748329,0.0992386292297983,0.0714865794374097,0.0307729936300101,-99,0.00217001284738974,-99,0.215205696254276,0.109925903627924
0.0903226859565624,0.125386508794507,0.199304366007948,0.166645656310805,0.0542831844499949,-99,0.0308068685869477,0.183765786229802,0.0487891868389897,0.0411285161406751,0.0230737536738921,0.24406669310051,0.234483027831778,0.000119640468668128,0.0325997226058935,0.391855941627121,-99,0.0228382684879787,0.0768977993168202,0.0969337872241865,0.0093762650605302,0.0292014777324744,0.41468382507499,0.503827696164573,0.024228676187738,0.103286539293827,0.120071759153703,0.58944498385321,0.165967268785203,0.0298086233289131,0.119064678749484,0.0144661599741355,0.0377742240742318,0.0919183727087513,0.0908633724564026,0.0305836671113967,0.0872347893434688,0.0668454663200756,-99,0.0108124695146213,0.319881398900351,0.0225682392437614,0.271891511648462,0.0148983772523191,0.205400400758678,0.00230983265019404,0.109354856266176,-99,0.108597599907003,-99,0.199479664426423,-99,0.200255029402983,0.210275375223588,0.0057174658296408,0.0119303791157593,0.166427957744099,0.0175481795917713,0.0833562297701627,0.00570221141607188,0.329679418617913,-99,0.0278150691947636,0.137494028203132,-99,0.156488834721615,0.126875059686388,0.00510365723098617,-99,0.143997803694876,-99,0.217678519123079,0.0658679960005103,-99,-99,-99,0.232567700242256,0.0122675951658403,0.138241011108769,0.19485937556669,-99,0.0934462137276552,0.0796652733168366,0.0115595334635429,0.0665766543354779,0.0554001064697096,0.0828290547257524,0.196833397044826,-99,0.143936886634641,0.0603049096871392,0.0227005333101329,0.449100428140516,0.258990669577671,0.00204535571896587,0.26508459977685,0.146489694276391,-99,0.158050703172482,0.0735238903210937
0.0761567798530637,0.199971937264634,0.0388837308426568,0.0767086107187501,-99,-99,0.0317625829823109,0.254334949331279,-99,-99,0.10554014438334,-99,0.528085603023966,0.0735550603856118,0.0121827821108809,0.612689276444476,0.232487237199706,0.328357245349819,0.425174744277303,0.316096783263299,0.0761925009025369,-99,0.422840983353452,0.234298092731628,0.0239743247919796,-99,0.18261927537647,0.0297998030990793,-99,0.196798553200214,0.0598762250994983,0.109293104572876,-99,0.107563284013416,0.129425713553748,0.169779727187654,0.0251721297300891,0.0706645959064953,0.0323787725967557,0.0024111971767501,0.136559859972322,0.0113697180584203,0.303855488975195,0.179304071845415,-99,0.0304158062123904,0.0464153286605197,0.11881575934622,0.115659872774516,0.192586084156684,0.186397573679993,0.169164774611982,0.053295008151784,0.249614301301433,0.0574340484328918,0.21901596665003,0.00519458495952773,0.131474903118588,0.135357568743255,0.0180600699776095,0.0674508067286056,0.0360684525535184,-99,0.0821429478181758,0.337718322379737,0.0868715603730678,0.0123182428770297,0.0526235123074521,0.0511195845668224,0.168845193020914,0.0650699286758886,0.0093864160359218,-99,0.345153799442009,-99,0.189353445860067,0.216225088659839,0.0248798194067452,0.148406959451647,0.260896031378733,0.049886556445909,0.191031521125146,-99,0.0164228540230525,0.0202568264644281,0.0670592115752962,0.1442330237177,0.0633813148937781,0.609088296797856,-99,0.111257630055747,0.0245598322653516,-99,-99,0.300896067181949,0.0776279778000768,0.155015771928726,-99,0.226148886692359,0.0139053222623391
0.0141825947668231,-99,0.323493347527549,0.126822886283767,-99,0.0934177289755145,0.0610996109437188,0.0308467652345566,0.221602216325176,0.157313918408625,-99,0.247814799087723,0.014428050967958,0.0865780967630746,0.214100897773548,0.23015065551985,0.253071817138258,-99,0.142690663147742,0.204338601726219,-99,-99,0.182902146873274,0.000905641200575072,0.0133411869357451,0.0033868591344928,0.027307284393159,0.168614980652967,-99,0.183275911700413,0.108387372895763,0.314641238224841,-99,-99,0.0175895257511552,0.0814265090304707,0.0247182922442872,0.230760682050283,-99,-99,0.118868423019371,0.0972382662547871,0.0362594545917516,-99,0.00335225376369083,0.00924353635418875,0.128136272481982,0.0308320977805519,0.107127421452858,0.00934676093738434,0.0244408988148694,-99,0.383244351735725,0.3509323303388,0.222167175751741,0.172048565333723,0.0426038280254868,0.235583621138184,0.0757624952553837,0.227498106779293,0.266449616238748,0.249014482801569,0.0591167013290509,-99,0.265196012112411,-99,0.110277894812428,0.0454777147950293,0.285804408464847,0.0455137948204889,0.18532266984605,0.23590936150085,0.00375055634640183,0.100334392052717,0.335349179884162,0.0368743523485734,-99,0.196216895440503,0.0642207802180927,0.0985487938078678,0.0722576682560748,0.0966956856904078,0.109869771786154,-99,0.158746712415627,0.305822088620397,0.0394098054485616,0.0843048617756347,0.0990875028877959,0.181455762946308,0.471220739183282,0.0675050348017778,0.0280531892048947,0.22309564201528,-99,0.101770200292263,0.120775251420384,0.0227372716464253,0.00957989384271261,0.03724190734586
0.0100716228861361,0.0780196656162756,0.268021751018285,0.0887554168863133,0.468104971617916,0.116726534365738,0.0448029797643621,0.340917058884569,-99,0.0227430444026478,0.218727686043229,0.0305350070474112,0.37495167093482,-99,0.234406103248776,0.0133133498928646,-99,0.010425260894603,0.0121248893425349,0.0441092786047487,0.526757058557916,0.257969320352034,-99,0.0221453758713886,0.556597815923085,0.0321020586040867,0.00865660504415339,0.039783897602169,0.232980878035325,0.117102019271172,0.538440021942733,0.0668764060652035,0.24484890172263,0.201962459673616,0.0492792597569332,-99,0.0940390801236751,0.101741158656945,-99,0.109141290986801,0.04212385797382,0.0484513467156462,0.182299298845734,-99,-99,0.0095241322317576,0.239675561929747,-99,0.0421993987595859,-99,0.236126822740263,-99,0.0662251014856228,0.0351501142349679,0.236426826193615,0.000587033699690424,0.00287976131883755,-99,0.332064542240111,0.271506557201755,0.172854920125531,0.0830753043971556,0.165934561906217,-99,0.00257150991721413,-99,0.0258210386796853,0.216930678770426,0.253292431567726,0.164466298566986,0.210438276326525,0.0276935134369039,0.459210072559903,0.0269899160269999,0.205346145851424,0.0277865735045012,0.0397470402185738,0.0329584775377741,0.127331939972638,-99,0.132809585100654,0.0730961418743198,0.0578106139808338,0.164737980065857,-99,0.0824027668814567,0.024452491704001,-99,0.28256625828078,0.0829191039742116,0.0555530829504676,0.0323971905456402,0.0249211775892829,0.348668196817884,0.0806343698458101,0.0415495128449209,-99,0.38184968261538,0.00239121468108962,0.495618858555252
0.0796625019014992,-99,0.083160108783887,-99,0.163646048186803,-99,-99,0.0056248663137047,0.070473422739857,0.590949353474402,0.0589809645117946,0.153301804297666,0.300669173397703,0.0987935854721183,0.275254269901276,0.0277353448864424,0.0112617281420218,0.00465938716756065,-99,0.211858343545481,0.0983359549297654,-99,-99,-99,0.0731688562740924,0.0749090711647441,0.196699805463888,0.00490487925758622,-99,0.291871628008513,-99,0.146120696071824,0.00556817201044294,0.346751636584393,-99,0.353850447340917,0.0209032954013531,0.0938956419607651,-99,0.147781826565332,-99,0.206100405637889,0.0919608636297846,0.468507164205247,0.309754908076648,0.10431830818518,0.00503836950159349,0.16810692807064,0.527807570768291,-99,0.0593914749431656,0.00130462807477364,0.16896261138766,0.0272088036385122,0.0397163973612054,0.40070476152778,-99,0.0356135479365659,-99,0.00175682023161711,0.0139548829892075,0.0410754125013466,0.054593430729491,0.0541939117401673,0.0065633573077281,0.322653193492898,0.0766359545256529,0.0583493993191579,0.0185759508954087,-99,0.0726395577310162,0.0326557612251632,0.0399772431695154,0.282164263248694,0.102267008446608,0.0362270904254981,0.0664186831501986,0.00976753293955256,0.00239574609318056,-99,0.0804288139108357,-99,0.493035204121933,0.124266299806083,0.0467585379756096,0.130662138368248,0.0556264769899703,0.176766228544621,0.155262099305984,0.574661861718051,0.0628240137398032,0.150937328624719,0.0634886528153938,-99,0.344403128536311,0.0825704694281899,-99,0.0211737855085236,0.0558127935567475,-99
0.0496798297258056,-99,0.0149239471074736,0.0751934003750431,-99,-99,-99,-99,0.120457488907905,-99,0.109889171152314,0.182432249373444,0.318264610048121,0.0325221924894863,0.0507176236284017,0.0222680602567521,0.124205275797724,0.264842461991176,0.211400312550852,0.355162332882104,0.15622332423758,0.0825864256324347,0.0178066434892198,-99,-99,0.0396417294711818,0.0583401732604814,0.463298415703881,0.25642457372488,-99,0.0904070525141975,0.0820818066528541,0.018393082609188,-99,0.243747846445093,-99,0.0831699522590559,0.0288507247254482,-99,0.143661683445297,0.0119499623685284,0.0329689630002548,0.0219709763697912,0.0206039888681185,0,0.0679775475192063,0.148502859161892,0.171131472974462,0.0140585893267858,0.00526967038077195,0.208046636152064,0.0644675467141838,-99,0.120153975096761,0.0328900165737539,0.431153857823876,0.115377824779999,-99,0.163029270667298,0.00508691145116737,0.0561302288178945,-99,0.0117606443729756,0.0825525771722017,-99,0.243720984550382,0.0481771110653271,0.304703292008795,0.0169064005372036,-99,0.00612691727265719,0.0840698797581679,0.325590132611375,0.00982695450274863,-99,0.264504516519698,0.0225736389909492,0.0657561847068601,0.05532982985776,-99,0.0411110714352599,0.137898570837537,0.28060688985307,0.213688567212813,0.272789114457977,0.0337311535141419,0.00360570342116278,0.0860771710300675,0.0489941265296962,0.347983285546875,0.00141186658612228,0.161031929724199,-99,-99,0.108970793372715,0.01858863443126,0.122644895384749,0.15559501845532,0.0398974420399422,0.202119072671997
0.171266342477176,0.0071179842611335,0.038937852713953,0.33315445165402,0.0205758779988636,0.243740889103852,0.420740677765759,0.282717336395561,0.175147241694153,0.138919591540479,0.0217578008410533,0.193218253724693,-99,0.17588681786284,-99,0.0204235862318575,0.0395195585050468,0.00977942733876265,0.100313320284626,-99,0.0686751564388551,-99,0.124361306061349,0.0390811436681437,0.0403543872071509,-99,-99,-99,0.0894989487105476,0.1349820527552,-99,0.0590646392651938,0.00901726462223957,0.0345668592144365,-99,0.0637111116894908,0.434085868481004,0.227305865890133,0.157690027517704,0.0711777639769005,0.224798018030713,0.172444837862471,0.0153175280895276,0.255461574223892,-99,0.151045835691437,0.177785166385359,-99,0.0133026908836559,-99,0.056716925365397,-99,0.0815123461946755,0.0187036006852162,0.316767784666598,0.281254588982924,0.111164114278933,0.0337963952979038,0.211735040893894,0.182605498336711,0.352897725589892,0.177884443869888,0.0993729565388611,0.0750782157502856,0.166730926118247,0.0125870527227964,-99,0.500660494497583,0.0230339679428944,0.059387741568694,0.180576913617618,-99,0.160721753498959,0.0340410386301718,0.117052808611124,0.261208810084648,0.422042985548154,0.0295969908387282,0.381228914092375,0.219997446114583,0.0654264093032187,0.318605807157427,0.0480426831782898,0.0817802574098396,0.279576115249536,0.02245445255393,0.0446781794106103,0.236712958419757,0.0536461326030295,0.570882501496674,0.0843503147609835,0.316236765614823,0.0452637079353802,0.0375416945020876,-99,0.131385198820648,0.0909217470468221,0.152333508232855,-99,0.0716685705102964
-99,0.130959828673773,0.469600724775515,0.108000443104865,0.434239488064523,0.030244299381962,0.187421617485821,0.215850432576519,0.0346717278058632,0.234880262343228,0.0940815871737796,0.266048065986953,0.141485616518294,0.0153003036582809,0.12766329717608,0.0628867704080624,0.0708897302647384,-99,0.0376797481262526,0.406314982729067,0.0527864334213633,0.0434680442988581,0.0760138542699894,-99,0.192236601371062,0.156311250393565,-99,-99,-99,0.0322810371498137,-99,0.0353343767937214,-99,0.0455035577948327,0.0324025862095217,0.156861570736063,0.085440010665375,0.0106270622290274,0.0951867422323604,0.110988687405495,-99,0.0680655080798264,-99,0.0716843695952545,0.0808044041258462,0.0529949317885198,0.14391968646599,0.024678303034201,-99,0.088676854561862,0.221131441422998,0.186221741399335,0.0951022485956384,0.0162084995649397,0.158329038814204,-99,0.0576679279426438,-99,0.0691770648170935,0.00249555617175696,0.460004336313831,0.0881291755182317,0.0644545502995071,0.152068456839811,-99,0.0537690766950386,0.0611874013298263,-99,-99,0.0159060417790379,0.23713916047187,0.0733818471515361,-99,0.487972297289463,0.0634672427047543,-99,0.03182400067836,0.275722203304312,0.0326821216379853,-99,0.223626521785239,0.0770549556412865,0.132157174068587,0.00693339047060198,0.0531504279716241,-99,0.0388246131919539,-99,0.0991911133803655,0.38890772095232,0.487449509052068,0.0376344597110716,0.00694548547490782,0.409281197999963,0.157671306037464,0.189427235775058,0.393243512433203,-99,0.168744645970238,0.656875649982057
0.113250720243862,-99,0.0878760002843177,0.0500289644767733,0.0162323740000382,0.0187570326257947,0.290720153016518,0.0552067785123563,0.0579783547876721,-99,-99,0.192921200812799,0.332083870666973,0.097576690946325,0.0552320027475459,0.414736813964642,0.379232875927177,0.107569614949045,0.0415834507607686,0.24441973485156,0.028377787227644,0.0617049558318185,0.0908679096689455,0.0298782823051718,0.0820418274781944,0.0333445857989879,-99,0.00342380472203477,0.00523281215156377,0.00862487626581892,0.108365375779041,0.129619060522684,0.0266669635756522,0.292644303782337,0.518883504929252,0.24194479549676,0.211262437494216,0.159681770983199,0.00453310253882428,-99,0.0701598302031768,-99,0.00704807609422665,0.0372027384882545,0.187051692576767,0.218427714971635,0.200049836308483,0.00270109968287038,0.0235302210658427,0.26455540674681,-99,0.142871225481444,0.316103205121465,0.237914900158826,0.0352020031451789,0.167219455087606,0.00401026934775349,0.207092644754858,-99,0.0107062896054442,0.237764141352634,-99,0.0617050596026866,0.180426343695058,0.290582724873685,0.484488365630115,0.0922929991361549,0.053046973720365,0.11195150764493,0.19147414120767,0.0179605676083298,0.0424209741135307,0.224486708022031,0.0493564778565267,0.154284976942791,-99,0.105402830473367,0.0561016008014594,0.101913664722828,0.167698736409975,0.0890086141425519,0.226588727767604,-99,0.0274823879850339,0.00587693874099285,-99,-99,0.191279658823206,0.200245602780553,0.117685988352535,0.366922981864366,0,0.0877981976823209,0.0663894933746944,0.248365467199993,0.0423359955769837,0.239145119181548,0.362866839398963,0.127430788219227,0.102855542068735
-99,0.325629932348569,-99,0.25878493743656,-99,0.107918527239678,-99,0.0110347388529543,0.180395332289354,-99,0.102289789212371,-99,0.0362897891573897,0.0240776102108526,0.0195365777903449,0.12043119349132,0.346155409569369,-99,0.159268702720007,0.637254419927223,0.0297769127576447,-99,-99,0.20947906897219,-99,0.135205277950299,0.233259840505093,0.0767896829941804,0.0374343266005025,0.254949541820305,0.0643270725105929,0.0616919208112369,0.0640055584530569,0.0174564049438518,0.169962448446599,-99,0.02661452049118,0.0929675882276596,-99,-99,0.0141962819925045,0.145146622823517,0.0177424927898952,0.102297145673169,0.244227190146495,-99,0.0120250921680752,0.0576048211986737,-99,-99,0.230386849280498,-99,0.0748365870427366,0.0210985095690561,0.0186463920935711,0.200008153624257,0.0261519156375283,0.107920483510887,0.000495460765500635,0.0692636052647653,-99,0.178820673618928,0.0526888724402091,0.0702904375421433,-99,0.366968764186546,0.192365604142528,-99,0.0441320902881618,-99,0.104987991246562,0.252401626962966,0.0785096239792452,0.00500343436976514,0.0181682388870415,0.134254319533348,0.126986269769352,0.040554584722456,-99,0.0294876384502382,-99,-99,0.161154699857158,0.0314951768100232,-99,0.00124112055066776,0.021905491152023,0.0322113026115083,0.0629840010881778,0.0931776086238012,-99,0.101408043418482,-99,0.075613237285927,0.0655033252508935,-99,0.145825009743338,-99,0.429863539407918,0.0857735888963479
0.111237746938312,0.262373101544203,0.364484885436314,-99,0.188279899604786,-99,-99,0.248718743747262,0.294467116591329,0.11927793284029,-99,0.123868721483322,0.203322305808218,0.234922789307613,0.198748398592793,0.0103160694576346,0.0496691969588414,0.201252553609262,-99,0.249974067908965,0.085531968429043,-99,0.464650629460412,0.24845335369338,0.206761123167021,0.0138257575107816,0.11610908964376,0.0446342937473336,0.0144699179471083,0.165634349627315,0.135505893566142,-99,0.10377150061339,0.0772779843414538,-99,0.0386156444093549,0.043165595578345,0.165841746246726,0.272322884453965,0.0426627537667313,0.225040625552923,-99,0.322364402903757,-99,0.0147626860865246,0.0959590439539999,0.0768378937816476,0.0919325262764226,0.0846151361167074,-99,-99,0.0938752805951018,0.0228652378243478,0.0423913794337783,0.39104816563138,-99,0.00217825492424585,0.116210231971284,0.00448769114314065,0.0107967278832387,-99,0.196206603497434,0.0657962114855001,0.244988850110607,0.174273302422617,-99,0.0874711821639889,0.479322879648817,-99,0.142131307446545,0.422542569377688,0.134701593154511,0.0987883549643548,0.239215416694942,0.116292518749478,-99,0.196029263319228,-99,0.172645042133294,-99,0.0664556438482113,0.0668388637319464,0.000325617654077523,0.0924357247406945,0.113183508469242,0.136289818263231,0.0337923279268695,0.00839954567571686,0.00807534586259817,0.233587225898284,-99,-99,0.380004421614165,-99,0.0830220553395633,0.215256927261048,0.00559132448889739,0.101973323077857,0.0754132927085374,0.282439888134448
0.0196732489999399,0.383837576972748,0.142507119971889,0.554420495058953,0.0462357929944239,-99,0.052983308055684,-99,0.0107501023180479,0.0286891308193534,0.23124541382603,0.0242951996946847,0.0259316923496987,0.0726951463601299,0.160185933662545,0.0423531465443006,0.00810369828637397,0.233620699200313,-99,-99,0.121827793629341,0.218488505194198,0.0550006455160093,0,-99,0.0539663840321761,0.319407681520954,0.0370893280857446,0.0989933064741544,0.00642644968659422,0.0280181086975589,0.114626254731644,0.128156253589876,0.0105984115525209,0.372787756995298,0.384637399465069,0.0547884773697857,-99,0.147951068632989,0.0106846946338533,0.0643355268700869,0.0633740884130223,0.0662725187655757,0.000819312565550879,0.278807505076115,0.136324074744489,0.118125995427793,0.2965611202854,0.0067624278038331,-99,0.264210521827674,0.0942625182085391,0.127650630040313,0.160084649415091,0.0126885030516565,0.338576537796509,0.0388416303090441,0.128287942027043,0.0938744582157115,0.00500196092579635,0.105498852012875,-99,0.0162396759683928,0.0435488250038754,0.0749243557204004,0.0698487002085671,-99,0.127224154326151,0.220299618799009,0.0923917484532313,0.0418854694430382,0.0812278226059043,0.263792713016358,-99,0.0450740424295947,0.0974125560234289,-99,0.148803619289255,0.00999489826457995,-99,0.0818712378616912,0.19385383078407,0.0467739795197883,0.00205535786558586,0.126030598717291,0.00436223284444055,0.0560823083517094,-99,0.0379994488488238,0.0137418312775301,0.00188773688081693,0.00999738297348369,0.0224705026669629,0.196240341931214,0.0458760231251245,0.405598546051469,0.0338891642243154,0.102881265710817,0.0992555443924126,0.107905914481513
0.0447713026927627,0.0150469304077523,0.0284922103760048,0.0779733429693277,0.329969121397861,-99,0.23808726880455,-99,0.00642269271412453,0.0376573408186493,0.0263004148873489,0.0228576970108938,-99,0.220241863243056,-99,0.39702085651092,0.109370757476049,0.0736481026998104,0.0175431994930892,0.0280524270123035,-99,-99,0.118081375588307,0.0682099443546456,0.248059211612364,-99,0.0256092786823077,0.103227435985755,0.0406171327496609,0.00910745148735691,0.312132851003233,0.0428705170318348,0.0831675758087898,0.0355058470246178,0.245974573534846,0.0864207217409081,0.0558098538503687,0.0144561430561399,0.0625939449016103,0.00334454603893496,0.490663530768746,-99,0.209499634562255,0.0381369004074303,0.0446884618322742,0.0488307478800085,0.14815967096097,0.0984048599796402,-99,0.246985880496916,0.200471636541333,0.184644325021184,0.390061422511678,0.0619397013453009,0.125015036629345,0.236229491377648,0.0683803165452934,0.0326924874118955,-99,0.253902187274587,0.0741158152840449,0.122322027220172,0.358587704467888,-99,0.187592564124284,0.0942661754909574,0.0354440208119121,0.00923513497130414,0.0633294391148076,0.0427927038627806,0.181301451746768,0.135374340849616,0.0370153336021793,0.138091456518181,0.030760865431023,-99,0.0239332293010591,0.0507257282377501,0.383930238078832,0.34125112999848,0.00817895546475403,0.19078319477994,-99,0.0316470609489777,-99,0.0248897182014333,0.116162649137715,-99,0.124387110178198,0.0243204174147632,0.0393185318520801,-99,0.0116251477449334,0.0593135394816637,0.172060934666349,0.0176264894904369,0.037380601366216,-99,0.0978339111518582,-99
0.232146237315739,-99,0.0364901818993052,0.031460009441412,-99,0.0353053568490673,-99,0.289379986354642,-99,-99,0.0692781395785316,0.0123278663573199,0.0861945176743293,0.00442726592500043,-99,0.0230711259861313,0.0346322147542518,0.331087167286326,0.105208435996276,0.129505796158202,0.125285231512923,0.00109354776101295,0.358621659605813,0.0216675056680985,0.028989960027759,-99,0.0870511056239285,0.277797790014668,0.13038585109927,0.251380638283464,0.0441394424510991,-99,0.0137669555384316,-99,0.127602948143579,-99,0.0968396692045558,0.058590102691663,0.0103215886793786,0.117021306133764,0.162799626443001,0.459592762131022,0.290352672154206,0.0286946287277886,0.081328383034671,0.132174934930778,0.215717729203418,0.0552815955773214,0.018560332751892,-99,-99,-99,0.136379832948128,0.0140451832011424,0.125185327837164,0.189873244861664,0.00465720619245529,-99,0.0578207686568107,0.0910609698508697,0.542031721212063,0.430673855987327,0.0191094390606811,-99,0.00207327450631299,0.0260807970311311,0.00818702593326891,0.17201078189542,-99,-99,0.0280100649222256,0.424002261443423,0.177463541186955,0.327887268235077,0.0277179772980302,0.0467030382379075,0.15798761704606,0.197751055537762,0.102414884266937,0.152091353937678,0.00439500259289762,0.125174626278322,0.624110368084428,-99,0.087367709563399,0.275992327328449,-99,0.128511301822844,0.0386122740713483,-99,0.59101488653108,0.0279911742686354,0.0850580813374843,0.0848539559140531,0.0184371992680121,0.0531937551488616,0.0273722512916459,0.0193523562569375,0.187283844456043,0.0790323677829678
0.145045511560819,0.0394812354542138,0.00127932038514595,-99,0.0817930017419976,0.0724784078943325,0.042502344163722,0.0597059309323559,0.0448488145692699,0.191651580317739,0.00069248704708188,0.420343085939641,0.223494126016897,0.297727007364633,0.238465610539563,0.0417000241767333,0.51098349916528,0.455358028840281,0.0645663816017263,0.130924278737676,0.058975443630707,-99,0.0185341454172205,0.164581659743905,0.131895106427033,-99,0.0425846662620865,0.0323999346766835,0.235414850588974,0.0276095477049807,0.119535330543199,-99,0.0692063730437222,0.286569816888539,0.353446647590462,-99,0.107175545087856,0.401920831547657,0.083001842691749,0.435949171004398,0.0701722658873946,0.146996437514555,-99,0.263065400295789,-99,0.0354657788923363,-99,-99,0.17745052713659,0.131279402170535,-99,0.0297223360890379,-99,0.205734613878836,-99,0.0702238373199193,0.0209954801446053,0.225561283784007,0.0911024189892021,0.258573957498042,0.261640827949009,0.304101807035043,0.23387734539108,0.0506994971427163,0.153747265227569,0.0822084661650436,0.296384053865288,-99,0.173648933336034,0.116237668381058,0.279775665305137,-99,0.161514440939787,0.0234567004101349,-99,0.116834346952157,0.061400218233332,0.0422835907130703,0.0714810762613939,0.016863724530238,-99,0.392652055461499,0.0588030271035331,-99,-99,-99,0.0518489632243102,0.0677192404977272,0.0302015568147312,0.201273538441049,0.0593716492261444,0.180600621462692,0.0941593317767389,0.0387956717660531,0.0457528578574824,0.145012888065879,0.0691976902292731,-99,-99,0.133501120754702
0.0595402909191705,0.0593121918829012,0.301237822497076,-99,0.154386380045284,-99,-99,0.199648601790143,0.726196119067788,0.00444774273229345,0.0294308271890852,-99,0.0842415766643682,0.0215901523791692,0.169087412012627,0.229092241736711,0.106806403993654,0.0920367769211069,0.0160564018130439,-99,0.00923079078102937,0.00896816432340347,-99,0.0865250242353664,0.054036812455051,0.128463072344948,0.186703007270493,0.143152554542368,-99,0.305031705300986,0.09597640838965,0.0714429341180001,-99,-99,0.0446397207581757,-99,0.0156441215053712,0.289657066935872,0.0671110653685017,0.213567940848506,-99,0.26297683677064,0.131457687340668,0.195333736984616,0.00820543333904341,-99,0.127505467939775,0.120589589303073,-99,0.0426246438238771,0.0847417541438269,0.211360674454195,0.567350357577622,0.1499802759321,0.136421104194392,0.000981614585641164,0.0396697064708426,0.0651261302641199,0.0534470990982353,0.0686495787206469,0.238169592984534,-99,0.0304514646923868,-99,0.197395828647312,0.0474836875442297,0.011500705662693,-99,0.0539260028497566,0.0255197839723034,-99,0.307288643966249,-99,0.0751131523618646,-99,-99,-99,0.00345436982929094,0.129520793239232,0.0500112276876714,0.00520202435283536,0.114975171708153,0.0401429297409101,0.137336748106127,0.404104617533272,-99,0.282189019742918,-99,0.111401496659786,0.0133130913871149,0.263610382811091,0.0152592517802038,-99,0.164020540484692,0.0858949791569214,0.0471060248785716,0.0863817609946221,0.126163344011734,0.11753989234514,0.246868949840041
0.0590200666293473,-99,0.0479507279005485,0.350353622671335,0.266781324401289,0.3415228958707,0.310906774925744,0.249934095463856,0.20773989655978,0.0549584034204123,0.0236151941051734,0.11454167433688,0.0902686611757429,0.027470733446628,0.167739889138471,0.00319154276761198,0.0274113786239048,0.160040436130407,-99,0.0521311253426466,-99,0.00851585995907383,0.114779896918153,-99,0.192601390807771,0.0358042010090025,0.246894837140923,-99,0.162750422793574,0.00364048624776068,0.316737167321119,0.145561390646575,0.120140274542554,0.104830416323601,0.180993052653889,0.0724889273159653,0.0621712581971008,0.0126641481085074,0.0717446268007715,-99,0.232777742487448,0.0832733171358033,0.0837495869723845,-99,-99,-99,0.0426089767601028,0.0875650790907181,0.0132750568073215,-99,0.146856014241462,0.130360723657841,-99,-99,0.0172943046071334,0.00514990030906096,0.0584401331665101,0.150647678554309,0.300808326869536,0.0129560044418409,0.303072234964834,-99,0.106026075090928,0.265392750622122,0.127604186247997,0.21764201693745,0.00722478976226202,-99,0.0342077991263733,0.0898316078672858,0.145816905278982,0.143505305779394,-99,-99,-99,0.107184333997664,0.0292012745434575,0.158497494066576,0.0215791643802629,0.034662744290883,0.163711364923408,0.050129731603155,0.0355561917182022,0.0579595057737035,-99,0.170414139681072,0.222305516234924,0.281688406503225,0.0386169235113183,0.0691601099017257,-99,-99,-99,0.362301999299991,0.0400668017762115,0.394952299672443,0.644873613476688,0.0797233185345462,-99,-99
0.177374052839054,0.0264842326184939,0.0861462710683717,0.632756709564218,0.0087367804948213,0.288779401222979,0.454289190635127,-99,0.0109439979811448,-99,-99,0.078903168795233,0.167628755836823,0.0172609343500309,-99,0.144124786050036,0.178972907004608,0.056785634470103,0.40058629491626,0.0806098286856638,0.230109679523013,-99,-99,0.129849063446544,0.0217176404944475,0.170671769214802,0.156289882071995,0.0278048753933922,0.0940923915337048,0.152150088839634,0.404200510016447,0.377254358289802,-99,0.0772191247998334,0.025327736322729,0.0542874665005886,0.197161393098505,-99,0.217278547473427,0.223522584495133,0.00452714849261092,0.106849798457045,0.146111872598832,0.12492776658795,0.130731433531772,0.179847647851483,0.0388575694820622,0.0997198659327057,-99,0.0698523412688678,0.319787289382862,0.0200890057374283,0.236010280866805,0.0594578836586104,0.166987898951533,-99,0.119656110432429,0.0483197255384733,0.0971286064426248,0.0433943421591392,0.057064511767594,-99,0.149824865359992,0.0789053380210509,0.1313328001312,0.408800030188043,0.0311120680055801,0.0249499238709992,0.0744795985111698,0.0596950685659694,0.691839904287898,0.10634933666675,0.0371825946794736,-99,0.149679366367563,0.0106428301501927,0.0156082483652531,0.0881353758609034,0.508547784401589,-99,0.448805721053243,0.0307528395377652,0.427569921477524,0.152562588541589,0.0131305786618523,0.289343407968945,0.0239010114851495,0.048324822484588,0.0232818598071286,0.149777422375091,0.268319953154671,0.192528093922453,0.0443815578288127,-99,0.293287135476807,0.0491241581331375,0.0711301982054876,0.0493108704147194,0.0273859266509276,0.0221434280697181
0.0949795884943709,0.0603802562947441,0.00112338914945524,0.0814274727205617,0.0513271139021764,0.00576831694935156,0.208048059404087,0.122597791777496,0.0414787542308662,0.0796645414540959,0.184587210825167,0.0869042863138941,0.139882515763415,0.650078233332283,0.119639320264512,0.0220440884665318,0.0767041525517385,0.0744363593607937,0.0522950830328635,0.143609681212352,0.00670721063554034,0.325273577441488,-99,0.0399703037069976,0.0341453964976567,0.191331002368695,-99,0.0143772640165376,0.15394590713237,0.117541642725283,0.0116192113050933,-99,0.175382257215185,0.0133423287553648,0.0527881741112875,0.116793935489035,0.00105049949765039,0.0740136015713198,-99,-99,0.309817760055941,0.0759808166886409,0.053957823402035,0.114822080103865,0.175948328102682,0.030419789320623,0.214665154879005,0.0396356141589107,-99,-99,0.287057791937852,-99,0.360610341469939,0.00595725829210012,0.190375488453298,0.0228706248802893,0.194364455280111,0.17898408905232,-99,0.0189281358073945,-99,-99,0.0336846342897081,0.35006858610796,0.0441416518378655,0.0298199295671637,-99,-99,0.172395465130396,0.0200429009653527,0.0963073510673349,0.295411834701158,0.0450773207115423,0.399880305684053,-99,0.0176914008889368,0.229335266129985,0.12918702315233,0.235605843965697,0.00867068916346932,0.0601955242263271,0.036033736623232,0.163490732936237,0.236916715614332,0.154775022736,0.506906666341195,0.463282429352265,0.111771393698002,0.0588020340824103,0.24210105365408,0.0874238049495736,0.010338329566619,0.140222679577172,-99,0.0535045421108188,0.0530583191376173,-99,0.356251203234676,0.00553975723854622,0.0707535416542095
0.00053841730674209,0.214919450147622,-99,0.164884330528438,0.0521567526385448,0.233583682166955,0.181016556487663,0.0661209051481323,0.119980031173524,0.0487484585181588,-99,-99,0.386257305620237,0.0143626009496856,-99,0.0342238845312186,0.014313264485117,0.010005435327718,0.100926961480898,0.149668723585479,0.468469160150274,0.132161781187236,0.40453659884586,0.465860540080117,0.21719074735155,0.0602055363724506,-99,0.00803771362177245,0.0585691093740161,0.799275243051594,0.0326435047196506,0.374502839822733,0.220984667099485,0.244007238752555,0.0261996014423752,-99,0.00675335855359423,-99,0.164856140306466,0.0880716137433151,0.0284809780389139,0.0218008632759416,0.111248704881501,0.0981767904569075,0.0911510264400561,0.155029261676148,-99,0.147369115422014,0.0406062320374495,0.185641055567597,0.146226133012601,0.0467733855981719,0,0.239188197563039,0.0224715507295825,0.126216265714897,0.107834612432327,0.0449942526495418,0.0274221474527151,-99,0.0417467877823735,-99,-99,0.0528809974220859,0.0929977756291814,0.248991584267995,0.0402053638835409,0.0381976117116635,0.525850557722587,0.148144710526016,0.0305688604311364,0.199419104185551,0.147845354584022,-99,0.0967776743563478,0.109963425188525,0.027746070241123,-99,0.0297247252829489,0.0792017866375309,0.0891108648979056,0.00774376830925987,0.0617239949362086,0.0217371831818379,0.0399026619901341,0.23580500734256,-99,0.060192998982938,0.228081380469608,0.445272203404373,0.27527821422004,0.101374221108022,0.00829510516425116,0.113787427776774,0.0268866593472893,0.307560266908711,0.00200948907684819,0.0394949624304529,0.271885036660214,0.0471634525549951
-99,0.0997157878647685,0.12535301890228,0.0664101268549634,-99,-99,-99,-99,0.0985782250449375,0.216130402619502,0.0518111655845987,0.223187594745329,0.0570590987106409,0.0526054140563806,0.0762339119232575,0,0.10087620359527,-99,-99,0.220633165249802,0.247026968269042,0.0229364776107872,0.126810785389337,-99,0.131555415451476,-99,0.0153009221186273,0.183425811956977,0.174330238498358,0.363356209133367,0.0652156645067807,0.113577226661369,0.101199355902572,-99,0.147143313620687,-99,0.0323025847377897,0.190231865576389,0.105095022272678,0.0958051606329318,0.143470472001245,-99,0.27920169490776,0.0976125078811836,0.0583712398894529,0.606056556808552,-99,0.727564151256283,0.277382980410127,0.264046665847569,0.284574656102682,-99,0.242842413358769,0.00596867311689941,-99,-99,0.0309500616827041,0.168814183456796,0.0227823143537614,0.0196568283850625,0.0183667365155257,0.0745043213732389,0.071046189028047,0.465087449700864,0.150507527135586,-99,-99,0.0585849675838091,-99,0.0139450276753,0.0184407152811537,0.120298913404441,0.0129843641514714,0.0311708316736408,0.0957323252359552,0.114935432114256,0.268392579933743,0.125781728666997,0.161077553575563,0.246015350823444,0.0359210127720373,0.0591717748909069,0.173320830470376,-99,0.0567391359912117,0.257255007349632,0.00606702402144471,0.0159571644358874,0.480018936097268,0.479896602422648,-99,0.152013909826221,-99,0.0693953607608655,0.223672267288872,-99,0.012862001146992,0.0154441881953363,0.404076751861232,-99
-99,0.108821163492822,0.00430664015800151,-99,0.365647198022912,0.372246279271144,0.00293575565512846,0.0565713471396109,0.305028132474462,0.099744066572876,-99,0.0418707955713727,0.264398580718983,-99,0.0491524473238156,0.164036186268432,0.374182843427359,0.0816481845264583,0.0102822287509179,0.0168778196418208,0.12345529402252,-99,0.215672158519115,0.0768640517906257,-99,-99,0.101203935800011,0.260298011325062,0.0250155746742847,0.500380452250812,0.141020404608139,-99,0.00290524643620863,-99,0.0492939492268909,0.00515865487047425,0.0942959788720844,-99,0.196133265868543,0.0568575762365892,0.0494267332493966,0.0170683258837546,-99,0.0188124411223905,0.0103750919954962,0.0557898823139153,0.136027776553424,0.287029413561771,0.531328482493524,0.0431281088675323,-99,0.0977740882768884,0.0437975789137684,0.0606231162913683,0.137429862809225,0.213593745150742,0.0633501570996714,0.439806106895262,0.369405278298973,-99,-99,-99,0.0845408303648717,0.214006086051742,0.163772062040244,0.0148369668979568,0.183262932402103,0.0777499896366044,0.0119243438740172,0.452509503343278,-99,0.231513617276639,0.0548735041652203,0.177756354232237,-99,-99,0.0797469066406956,-99,0.10758607320845,0.08230836411754,0.0419009734059283,0.373981151076911,0.140494613232135,0.0265801192153232,0.100655227990823,0.12772559400928,0.325089397010655,0.664123240202946,0.0406039403414021,0.15152845071982,0.224620970665438,-99,0.102952938400932,0.182988562994487,0.125918907522753,-99,0.0645728634870052,-99,0.212962419297023,0.100291530104364
-99,0.239516487596243,0.146801999042485,0.0868018145188375,0.123856286712059,0.0918617555363515,0.0506055338068479,0.065238850424709,-99,-99,0.0503167919377268,0.155131152069447,0.150923430807193,0.0969902178038517,0.0122116751438504,-99,-99,-99,0.175636064798801,0.0163624103618022,0.0535340564298632,0.591373159973864,0.13327742677263,0.14513882911701,0.326677052848168,0.0210881831840962,0.0253162982556634,0.0405854854153119,-99,-99,0.00612852674493518,0.0524924437881509,0.0614776444689728,0.394113715334617,0.160576007668183,0.0617107527351187,-99,0.165688900277189,0.0329115954830721,0.442479589103057,0.0992371111123152,0.071026035162896,0.0120925338880393,0.0844040987249411,0.443914266166301,0.311634706302504,-99,0.208514198780861,-99,0.102225545789859,0.0659317439351505,0.0173728135200206,0.194531060478774,0.206756908868231,0.0754478581828278,0.0583291212383752,0.0117377773798238,0.541841950137377,0.0522670728131086,0.0372407801461507,0.300700406055479,-99,0.0402040523229018,0.0396526646939588,-99,0.311512432293564,0.0303956961267705,-99,-99,0.0674413558712256,0.114958847590293,0.134862627772126,0.0885402404366706,0.0623524370382532,0.107933167096376,-99,-99,0.0113472706877286,0.0410438833536977,0.329002103314228,0.14348478565195,0.0831469448875038,-99,0.0607664637346453,0.0031133907101234,0.448691804178993,0.0112320983056972,0.449035196495587,0.00974217933628891,0.120716506086169,0.125488692502315,0.024000742838435,0.0747310720148993,0.0514652616682982,0.0251360739973763,-99,0.107961868853758,0.231038129009179,0.475278020804713,-99
0.0858962848108352,0.160523937783097,0.0314208247219269,0.276093069428829,0.0130488910809304,0.290863592630252,0.212541989768061,0.359122807385634,0.0583573142455263,-99,0.178715409901459,-99,0.405601586221508,0.167360614139189,0.0388188638630364,0.514613539953701,0.0515574154683026,0.0179264740113121,0.0549297269898942,0.0289903496683033,0.0521540267739954,0.323900504911369,0.0502434375584057,0.140355146497127,0.31654000485536,0.00305804050240436,0.465735321812878,0.0124932139102752,0.134717976941047,-99,0.0684338171959649,-99,0.113893392005234,0.0739011188268938,0.0185773686955409,-99,0.0687089417621126,0.234308860930068,0.00432392595186733,0.10161003837452,0.0333501876967606,-99,0.0608226484020481,0.174115607142414,0.147948814154877,-99,0.303801430924996,-99,0.0822891403473578,0.102985334655115,0.131421582455743,0.264806498564663,0.433775290064617,0.0248174916504865,0.00114912734951471,0.017904329035431,0.00337084362472066,-99,-99,0.115927860798272,0.0878191858355267,0.0165374734255502,0.0172026565176998,0.188438239184874,0.073926647017191,0.0368303164465915,0.517775998359206,0.219225324921114,0.328230461200887,0.162036573267026,0.107032543332003,0.0407386766193578,0.194138396913635,0.107555721647583,0.166271399472279,0.215631821634543,0.191060062233744,0.0912665444333083,0.0367192727977224,0.108716924720534,0.0895191520152314,0.00483194954481746,-99,0.0400864918027817,0.213257913726751,-99,-99,0.259935498569216,0.117159754298759,0.226036555122658,-99,0.0895936764845488,0.0431740813151179,0.110470523702636,0.0593712880683199,0.242821754424576,0.0655556105584942,0.373210934518451,0.23143815160132,-99
0.053902178076224,0.0674349963535613,0.00444915398583984,0.300011126069574,0.141497268712572,0.157238094488199,0.0271469790046308,-99,0.13800034546245,-99,0.14036747195595,0.0217036321791482,-99,-99,0.118501415913688,-99,0.185726883808012,0.158203635233239,0.0557913713442478,0.169742394496885,0.26085795835182,-99,-99,0.0136621086317532,0,0.0840598166611781,-99,-99,0.0687097534839745,0.115223679633632,0.103138027268004,0.0159960655811409,0.111502206016298,0.259584001959773,0.787678392821878,0.234361343644429,0.150081030266373,0.170320549879831,0.0514092035664591,0.0351463650046817,0.059272470627459,-99,0.415076324380614,-99,0.120443086759433,0.0398850934422531,0.154456063943776,0.146715917054657,0.0633398232581375,0.104183821443689,0.0515299577809723,0.180616613682426,0.034397433320889,0.196850792421115,0.571800158553555,-99,0.0924248421362138,0.285203279678415,-99,0.0441788095897566,0.0252068070581361,0.0169007452096874,0.0165335018402266,0.0604406176896622,0.649875298073448,0.0118436053034144,-99,0.0639457235790957,-99,-99,0.104300873722536,0.47079859562968,-99,-99,0.118623748349794,-99,0.390131667584908,-99,0.188321215169405,0.0276435411640704,0.149299330895538,0.0216791607678992,0.0187554223596271,0.124341493117228,0.555061690893987,0.251034607809527,-99,0.100541600231211,0.00744878674370616,0.0319844728781502,0.0412915470339672,0.192593436067954,0.0898256725251686,0.172379565253329,0.141996797464632,0.0790054706116596,0.00506060901110926,0.0787628729005847,0.0430201892438815,0.0165117221491618
0.186311798541018,0.0772869737592637,0.0455485548449006,0.0408008060867224,0.293002999379322,-99,0.00709804098332061,0.114141302361258,0.524264147339164,0.0506219282333052,-99,0.0449271565584229,0.173785826592114,0.0364385496326061,0.0169143332414734,0.129938174406067,-99,0.192745200897139,0.0169018505677714,0.0298891091366099,0.335506342186349,-99,0.331994753203989,-99,0.0694176522228373,0.0436932413193537,0.148835354183093,0.161468559950809,0.343023255581881,0.13659486711032,0.220157944917139,0.0115299888366054,-99,0.0109665865798415,0.134980243473955,0.310861860476224,-99,0.0464025054683281,-99,0.0702878715978192,0.0650563007918381,0.15054771102161,-99,0.151499164712763,-99,-99,0.0458992272394814,0.0256483064321809,0.0768941523108752,0.189858520600008,0,0.153102709734483,0.161433921569774,0.212094786071356,0.112355357141605,-99,0.131637768884058,-99,0.118944926918366,0.0402826552423114,0.0562314387655136,0.0115942893147335,0.0669960478908738,-99,0.00910389300426711,0.109996515278124,0.119666000986183,0.175656551816048,-99,0.00715231730275274,0.0954122355190093,0.00608519072078497,0.0167839565368795,0.00775768960219398,-99,-99,0.152301280907518,0.0489956749190753,0.156525425258627,0.0441688975781693,0.24033281069528,0.0311675043853507,0.0494428159629006,0.252269150935746,0.0980322822883377,0.0531863223624966,0.306553030741918,-99,0.135584784374086,0.28809628906498,0.077018905559359,0.062452623609148,0.00348624937785352,0.104524064660494,0.0654102516024869,-99,0.437537054746186,0.069711000919779,0.240375218797935,0.234577191952928
0.290756933625704,0.222407487351452,0.525861429135674,0.307068556905424,0.162154078782332,0.0535623091149501,0.30921060692827,0.0223561063623348,0.171269472095804,0.0155399076961488,0.0422188890388757,0.372902891973826,0.241377502437499,0.230862181477693,0.102052542732099,0.0773341876816301,0.256177768528042,-99,0.0398700831623238,0.0100159169305555,0.129959722635469,0.0412485437792002,-99,0.29421275028408,0.0763032336014703,0.583807339423758,0.0856257906112525,0.174389121124621,-99,-99,0.156142197867693,0.000390846916237804,-99,0.0824548760123485,-99,0.0666069060474083,-99,0.164100152860667,0.463968691796117,0.00188464026426669,0.0719859992345411,0.114969159977993,0.263743201516427,-99,-99,-99,0.0688422837263587,-99,0.116308645904433,0.0261083101876638,0.12989603045895,0.187165802445913,-99,0.26240724021225,0.00738090626897772,0.0589106855881285,-99,-99,0.0331721268022752,0.00599901351931064,0.119399119724429,0.132011207106123,0.0270762087164606,-99,0.0232007541830551,0.286450005014211,0.0215201298384983,0.0972831861854912,-99,0.0395851656164778,0.049875125064028,0.427611052115834,0.0231237014176448,-99,0.00735542208129349,0.680445662744563,-99,0.317571307516468,0.496415250694436,-99,0.00884524537772911,0.000595005957763949,0.0710927263932883,0.0367260809630447,0.255959762376946,0.109832574425309,0.231146522567104,-99,0.199636321255124,-99,0.0700575328971496,0.185771547814319,0.0726799240132101,0.167197598738126,0.27776546203322,0.229294795538989,0.0104071158293926,0.0107743661154029,0.105993056705244,0.179613516456109
0.0271524293663664,0.432895391452291,0.00787606574812424,-99,0.0633833270640958,0.00147636834032308,0.189085705584725,0.0329447572981071,0.308638283120836,0.383512173748784,0.245118671476128,-99,0.393567191589081,0.0229225241531742,0.319445950207762,0.135921330838666,0.0420309113293688,0.196951508290778,0.12494547133582,-99,0.0104522287235936,-99,0.123598791960549,0.119172288003093,-99,0.058040184681758,0.0219695948737037,0.363598796909959,0.147205730609586,-99,0.196112040201417,0.053790122799936,0.027701290686612,0.0349966711792371,0.136287581141789,0.083782066503423,-99,-99,0.030654603710252,0.0419437463545847,-99,0.352735007248794,0.178915658611573,-99,0.00583729191966205,0.18879617308592,0.0512052527761591,0.0809770470144057,0.233708373397761,-99,0.0455787417519974,0.0178489218978012,0.0589396447915171,-99,0.0868787980814243,0.459103362069001,0.0894210244556288,0.107077557960922,0.16420514634089,-99,-99,0.00798146953253299,0.29759454784619,-99,0.0160935221106624,0.199271937498558,0.0160649697944757,0.0679699106976049,0.0523916342451763,0.196679793748621,0.197777897573763,0.0274089276985116,0.451043411869825,-99,0.234859084407228,0.238049511351276,0.0777050490058727,0.0211933243438077,0.0394080999817299,0.0137436464736308,0.0566316258601228,0.0951666072840588,0.132656900253552,0.0265284993935667,-99,0.087886945139744,-99,0.0480805795738283,0.205871592087981,-99,-99,0.0695537573976982,0.0902218274770102,0.0698951420406396,0.0246522223904867,0.204836095983274,0.022252205842918,0.19441124073207,0.0623885016753588,0.151243640908082
0.00416236540058289,0.0137794126976484,-99,-99,0.199752428786749,0.0723170886698333,0.344182364487988,0.011526255824697,0.0107372446562769,0.0284526656401303,0.107842433523616,0.103859602002608,0.0345217429357069,0.204492711397614,0.0349301838407984,0.0167869614232101,0.149141082374209,0.165928205053739,0.0823696717697238,0.00263023575529912,0.540435053873306,0.0169773426502435,0.12769695580396,-99,-99,-99,0.130315299940157,0.0454886876590531,0.0505578091952548,-99,0.195465847678665,0.101662293344002,0.176401826673801,-99,0.115589433604259,0.221624194660199,0.120150834215714,0.156959851951932,0.0314402865767594,0.0454612397380963,0.174806844720596,-99,0.177771068384402,0.445817893901321,-99,0.0295830459139437,0.0289198923990735,0.102357006751407,0.000214866406226881,0.178765631859027,0.0759127565849101,0.073109853973976,0.0955930808787779,0.00631046891099123,0.0794345982934692,0.200183768277212,0.049594026881663,0.02893165811264,0.284722246888117,0.0512671614121981,0.101926221259197,0.0890831736038953,0.0493557015895597,-99,-99,0.367660733550346,-99,0.127019412673585,0.0492433081610114,0.329420678969253,0.254733965360918,0.0362232015376538,0.0735896020840532,0.040467569049376,0.0502549636719544,0.149826453227506,0.191972143193111,0.0677691575324546,-99,0.261248881739353,0.0931335540316512,0.00848532508844302,0.0685055437022515,0.177937808489816,0.156373752890521,0.00526800352812413,0.04457146208336,-99,0.0138231479369333,0.442427700325113,0.0449547284072305,0.0245116083388606,0.477547898450825,0.00874331716498943,0.103529848719059,0.0584166356035345,0.0833762703950107,-99,-99,0.219318577816184
0.125254511082898,0.04967884909368,0.0698380705494435,0,0.254819888179371,0.28189216935345,0.112698597816132,-99,0.0237747784894084,-99,-99,0.335807199200468,0.214743038227495,0.0646239782247368,0.14087208748577,0.0228872933891907,0.174470449466631,0.366165204238025,0.0779022199861417,0.269874875118026,0.176565725122671,0.0073404378652521,0.0792397457558595,-99,0.0405004180407527,-99,0.033322739724635,0.172240268502555,-99,0.0559244592707954,0.0347805181037209,0.305006614627825,0.0088873053047742,0.00907474411294987,0.0279225468955001,0.0186112832337697,0.10783465730802,-99,0.132564671405938,-99,0.178815629186197,0.00921142172045521,0.181396676881263,0.273275913187203,0.16704412553616,0.0198599889039163,0.0475881884507356,0.280402347072156,0.132963075941573,0.299289110822512,0.00584283167680273,0.0360552780602764,-99,0.0304820824596911,0.263065051634522,0.0127312068056285,0.174941423071056,0.0191396211451346,0.0312189206371729,0.0772302754621742,0.214801511176836,0.0683912844394675,0.0359458785102396,-99,0.0351275693723823,0.0159062118313962,0.145898895602223,0.0832780172052796,0.115566539434401,-99,0.503756185333022,-99,0.0557533491846233,0.0659698537808775,0.202015994601722,0.416432432301112,0.082773019435483,0.0126420272494797,0.0202320388306537,0.0909766418383182,0.0257801020968546,0.210437516641562,0.00134585777928932,0.176169484665151,0.272467104501808,0.0262653165978238,0.142306486644811,0.0910690286545421,0.190391282531505,0.094494411480767,0.0151270511389747,0.0867690585404561,-99,0.293791227726872,0.305352926448349,-99,0.493548815462831,0.00555095010840539,0.119259048491383,0.00555283428815296
0.0424857536538916,0.01170569869823,0.0315935956611774,0.122069453970292,0.0167777097689754,0.663977307110096,-99,0.0281265748538503,0.485970881001762,0.124817386634678,0.0110187259090163,0.226838487840429,0.0699833351204888,0.0326905159207085,-99,0.194192735051833,-99,0.0834852855294423,0.0334570633565531,0.0883079916029461,0.0738224680325205,0.0715444674928505,0.262938887496202,0.0604064568540724,0.00974240870505832,-99,0.0676355833129516,0.0844210393998505,0.218206017111562,0.251734389751702,-99,0.245250499877555,0.188011588459203,0.216639562070291,0.0198529421723555,0.0908689970861968,-99,0.276872323352518,0.232352954566941,0.105284826385952,0.0327281112384209,0.263103363532273,0.0310729484232113,0.0359155456360292,0.156271276390699,0.350139974152165,-99,0.0801390663349269,0.29613142714226,0.123480945938618,0.0101361345992617,0.220648464144256,-99,0.0219392459183173,0.01854296968451,0.0270218035697298,-99,0.117231788249005,0.0237237819663689,0.165195224759366,0.366624480174036,0.0136568035322872,0.0941705437652098,-99,0.0246706433593897,0.194097593280347,-99,0.0889146984323031,0.133376850170832,-99,0.0403101458303445,0.0101824507589591,-99,-99,0.0703274773255062,0.210556234346905,0.129828003723389,0.03641195339175,0.034459166649794,0.0859900751348178,0.00756745147685947,0.0202991002195817,0.0339255314915037,0.0635100405208689,0.0999699442983437,0.162984715202987,0.363070183670086,-99,0.0636818088660023,-99,-99,0.0480295975232585,0.193712124104591,0.424471716060593,0.165313648865224,0.00237703331560879,0.12066066934423,-99,0.0890610499093693,0.0883901071377429
0.0955553040256854,0.141372266087198,0.00151203192617358,0.0891422671451825,0.0347052121677795,-99,0.140513155321266,0.756090483024719,0.210942014919462,0.205872590836892,0.0285295905189706,0.0621713241645651,0.0135698457198648,0.30885384022683,0.163109874435455,0.626739019232473,0.0864082013386337,-99,0.0892548963732208,0.1864425475121,0.265813283834577,-99,0.0638190484228421,-99,0.0397523818456072,0.0351836746694767,-99,0.11698538069205,0.11106576088626,0.101195461600488,0.0178967596273445,-99,-99,0.153754449607134,0.0163090320783792,-99,0.0177490495401505,0.0431393370951202,-99,0.118109648459724,0.0456304422413778,0.0068459759861745,-99,-99,0.20672491629576,-99,0.192201136928001,0.137048824936248,0.107502239602676,0.0239271230813033,0.114601931675524,0.0192060225255273,0.00174929851062518,0.226889192221965,0.111894726301732,-99,0.0625669351375529,0.0803865329630342,0.0665752385210526,0.191086030456709,0.127463231626555,0.331875438033716,0.315551676293238,0.149128904985004,0.273229328727928,0.139716505208137,0.00497695306549051,0.285723867364057,0.0699862590345914,0.0232122088302272,0.512444312707934,0.164468288642777,0.0389216832437004,0.196720489222381,-99,0.0246995540490584,0.0344528852113174,0.0895570844204263,0.0234739585816848,-99,0.242529694994086,0.0916473802799405,0.0858848423533857,0.12542788450268,-99,0.20845455621436,-99,0.0689275437356456,0.0242673494193018,-99,0.0633850969383557,0.18551248923216,0.0165800112674316,0.00523037728718375,0.0821189869320963,0.461100470279306,0.356300051224219,0.132481560329149,-99,0.0986539146636509
0.00480380465364139,0.145028046781716,0.00396146618440826,0.150168114619842,0.0863167267150491,0.0785430944425466,0.0871414756587631,-99,0.0707895766531566,0.30243431952245,0.176522283769685,0.111609376024185,0.0258545728099466,0.244488629672319,0.434545113238236,0.0621225055341195,-99,0.193034958656659,0.0397887219420609,0.131300934312936,0.139737714245392,0.37808947871114,0.200326228876741,0.0164733345995809,-99,0.28782200204842,0.0440843981908406,0.107237645298005,0.0428348374875511,0.111225301011084,0.116669019173883,0.0773657867897472,0.135413497029217,0.15990125894113,-99,0.0903190793992729,0.467386415460503,0.14339005788021,0,0.653083893957112,0.00130154493925633,0.0522424079685079,0.48682647733061,0.0119957747658159,-99,0.233372124608158,0.107514072734468,0.112033759587416,0.003867932052097,-99,0.0216168642455251,0.0613536922808714,0.0708135313367291,-99,0.123695063918711,0.0719955699793497,0.0617269512554901,0.240215926449678,0.213271625215684,0.135982574694604,0.0376924101288341,0.0961143198816714,-99,0.0838909204441368,0.0839960110820045,0.184474550998975,0.0950299042053635,0.0345186767116607,-99,0.449673346774621,0.0432987088576619,0,0.0986545629709969,0.275504883979896,-99,-99,0.367514510191344,0.0116243408111745,0.11065422945936,0.0740450649977084,0.149502757071232,0.109662288775107,0.107866009629592,0.119956746562373,0.0673692593917133,0.0766635076286219,0.201906184542973,0.138021237301298,0.229127299307663,0.113880530717945,0.11394204202632,0.00309900277217904,0.153154043242497,0.0231560238824016,0.0210493772771201,0.152257951638949,0.0539365633106795,0.579633295262217,0.00167621645542424,0.0448169571021479
-99,0.354826223161725,-99,-99,0,0.124054329546923,0.31318087402249,0.0492685017409422,0.147175743084503,0.0329307047464173,0.0894166639655504,0.0328942415218835,0.26969012105991,0.0497420505238231,0.092553536656735,0.0461227690530262,-99,0.156976757142985,0.157361824552424,0.0262169590268242,0.385477138414166,0.0861222506235205,0.102404481027133,-99,0.648372365076653,0.0102104284876393,0.049798907863524,0.0913887038868571,0.135430005792135,0.063161259817315,-99,-99,0.101239119413932,0.461775034015046,-99,0.0298879733592972,0.0100276036080089,0.0509461251833958,0.261773928763445,-99,0.137040012657943,0.0722025022990993,-99,0.0229319163357364,-99,0.114054208843797,-99,0.467609296308072,-99,-99,0.0368806988618638,0.0253443306388602,0.0100396707988573,-99,-99,0.0296175165397185,0.00324548218870024,0.0424678747914886,0.113412687590524,0.00291559169434825,0,0.147532516049237,0.219407681783575,-99,0.00755346503711032,0.0528920660540378,0.148085887344505,0.244429140184993,0.155238669495599,0.0109164818992142,-99,0.102647130717542,0.00665665466549026,-99,0.0751169396170155,0.00553651907698034,0.117645477074484,0.0587962221794051,0.184369221334517,0.0482912577871322,0.379946339840529,0.126205459510448,0.267798180689754,0.00459204460343336,-99,-99,0.25006160665224,0.0527373675403131,0.16551340706642,-99,0.0474105973134092,0.0902980901405398,0.110599889100505,0.289752302377393,0.153445608522837,0.182880034046437,0.199911178789968,0.117157202471473,0.334743107185484,-99
0.327906067140967,0.621850061039302,0.126256252108888,0.00868192867231115,0.0317945272554856,0.404140103312192,0.106970264277584,0.285902301805054,0.0916646635694697,0.0938667412595619,0.0587307834809935,0.270673474077229,-99,-99,0.0597795598625591,0.0503073792477898,0.0211662845962974,-99,0.0460004575871714,0.069902191911273,0.0332240127922144,0.663485300402268,0.21741989681773,-99,0.0685006465488094,0.00388223389611647,-99,0.297314600285876,-99,0.229096712921627,0.764076775844462,0.187747495501713,0.492972351816485,-99,-99,-99,0.2038377812971,0.0990768429899792,-99,0.0399440703414516,0.164690381262684,0.174122317861503,-99,-99,0.1613400582023,0.12553071999233,0.033516248802592,0.165916863066611,0.116018464370527,0.443675189831081,-99,0.32292074703045,-99,0.162544037816779,0.0201842948676219,0.0829226719273456,-99,0.376608962190104,0.0450160634256124,0.0702542154165063,0.0373972243351656,0.280897221076957,0.0437635114455832,0.112956706919795,0.0469579023840741,0.0101973406087068,0.161950577694814,0.086218600962276,-99,-99,-99,0.125938936410566,0.052355618817164,0.0453462871307804,0.156318592448443,0.000503017954074027,0.0092918809965301,0.0116060884287467,0.0941884410157214,0.114257366993024,0.0784594662874368,0.0249986528178295,-99,0.152157951805043,0.100296397934368,0.0353578482946601,0.186575163564826,0.0441433398443506,0.191910692588716,-99,0.142895838033374,0.120556918109168,0.0507820616391453,-99,0.0422582660198564,-99,0.0442245993074367,0.273709011105436,0.546504618577437,0.108194594354684
0.144399223500441,-99,0.0532093193910439,-99,-99,0.260581199202795,0.000451509706309822,0.0893306098167146,0.245034334318813,-99,0.0738356755235468,0.00513631991486897,0.309890019436484,0.170663207185344,-99,-99,0.124072668814394,0.110590916450602,0.20159493330881,0.0810703205956324,0.378571286794475,0.30545018914324,-99,0.0846046099954485,-99,-99,0.0232378121748301,0.0935551532687324,-99,0.590238294083837,0.00685559139356804,0.0463531286567762,0.249370432091397,0.121446198033306,0.498015093966332,-99,0.0930870489555374,0.139040950951267,0.10515275399399,0.121694880683539,-99,0.00289041649250368,0.00630123341035237,0.115453988309186,0.14187496497752,-99,0.13515526074638,0.059215292875397,0.0297418973916451,0.00503753913420955,0.0931022303033916,-99,-99,0.014208309280025,0.349525374126899,-99,0.0881609157106767,0.0599718098111293,0.00566512711141147,-99,0.260242532811429,0.218843386299218,0.165746640821974,0.309929503085533,0.110322920577895,0.132428175959182,0.661188202053887,-99,-99,0.124413669107288,0.243500978088393,0.184595658573385,0.347981462907507,0.221830724859601,0.132024752548044,0.205321667114535,0.0733340478757879,-99,0.0168383684324955,0.0834892000033832,0.00129485760560531,0.100492783522213,0.173644769101653,0.0187658679667985,-99,0.0660252187147422,0.177879451672623,0.0648174776836112,0.044537229102811,0.0367663366028712,0.175836495849501,0.0939479026756983,0.0794367487093658,0.132467982725362,0.0606853655624484,-99,0.0328811965629361,0.0077030660617878,-99,-99
-99,0.00842464784110799,0.0221971596674821,-99,0.0549528711166426,0.0598640874482109,0.242161006566422,0.168959858101962,0.159343027155537,0.522372116507398,-99,0.371865976572127,0.0854272723692653,0.159442737706665,-99,0.09007527223588,0.0415014649353924,-99,0.0568933362778761,0.0072831084317597,-99,0.239860166618875,0.00459546780662813,0.26276901559336,0.129248983437548,0.178900363815693,0.0017415084948073,0.0579390423869676,0.259718509043423,0.127829386652718,0.0213218132722616,0.216603051277939,0.202634399754985,0.396173224235312,-99,0.0346682270240781,0.0272726297954481,0.339443838769906,0.0259479884871745,0.0942895591175998,0.0298711342386223,0.0559469327299524,-99,-99,0.0228928205650581,0.206389406719993,0.121027079622091,-99,0.00738328069040485,0.0919278270679798,0.0774494728127113,0.170837183541448,0.0281246428476085,-99,-99,0.0560110724742413,0.0860561814858463,0.0543646446927111,-99,0.0205393415129252,0.0716384952843798,-99,0.0301878392938952,-99,0.0890791602406069,-99,0.0129183291092472,-99,0.237504860356961,0.336386956537451,0.0524204437584649,0.016711649669066,0.274804002574699,0.0963684989543353,0.266315873304539,-99,0.147548089168556,0.0990422681651303,0.37159557082614,0.0220801122148867,0.255155240485257,0.295984281886984,0.306161527657776,0.127211654673182,0.289501521647927,0.125825760800304,0.0594937136585741,-99,0.0566932663811796,0.0341146409149255,0.148850737468411,0.0222875425816535,-99,0.0532736501827387,-99,0.0421105921128532,0.0235540865347842,0.0301805006561187,0.0555977924798173,0.000421423521579741
0.154938872842335,0.0365582381520446,0.0423794864256533,0.0835127633567265,0.0467165271692367,-99,0.0503171516079155,0.166559670080777,0.0984206927171088,-99,0.0430639330943311,0.0291117565887102,0.020226579421964,0.0735961441005004,0.611632502481744,0.381306883651332,0.319072700584573,0.186540603183398,0.0148868307279149,0.0906251221030794,0.0381486976023169,0.0775726098984671,0.000730161094746523,0.0974109740737477,0.379416132672426,-99,0.184193859565718,0.0167645877921349,-99,0.299205184510985,-99,0.0667269471525459,0.0201252142600436,0.21749694470033,0.160758251743682,0.109216039619928,0.0547800393908575,-99,0.0133682580900345,-99,0.00536205082736793,0.0494986813454782,0.0433361658461823,0.691093714371183,0.0369704589627933,0.113966780143201,0.193331530502888,0.0266163714954283,0.0133778138407347,0.0269369760555371,0.431619823527038,0.280776452494261,-99,0.273564681387526,0.0599694723351258,0.259746419720523,0.149587063422537,-99,0.0467556493022067,0.0137344126824694,-99,0.0108083209129208,0.0122766006067328,-99,0.0130234042600981,0.249618538273765,-99,0.0423339752091383,0.353122022040659,0.136227505160285,0.130736816304136,-99,0.0586928347642339,0.10943396829775,0.575906102007073,0.0642117686236486,-99,0.0437801686851385,0.0702322358689418,0.183569375960459,0.218805058784695,0.282287077252406,-99,-99,0.0979369159996927,0.0460280537782132,-99,0.30586349454617,0.173136989456428,-99,0.0313157277423826,0.0939943842708564,0.110750178661741,0.0720030221311379,0.0166551884961966,0.43387213856862,0.205914362917872,0.218863551928393,0.051401911223633,0.1680395266317
0.0637670347380143,-99,0.0480234766375209,0.0836712913031849,-99,0.099197631640086,-99,0.0265135826839904,0.0227061180389579,0.32116351597735,0.109262119244383,-99,0.0791841863017927,0.182554638028937,-99,-99,0.280943774574567,0.181671662063155,0.112924614259638,0.26948473563515,0.008663402376439,-99,0.00415287356399391,0.0717295703645282,0.0165988768869099,-99,-99,-99,0.0187071314029301,-99,0.229838643721584,0.114825256685166,0.123506147579074,-99,0.481714724519147,0.00143271657750306,0.40713892069775,0.157471497751815,0.00884375355437143,0.0666820216787778,0.00334248701564518,0.146322028723614,0.119785270619944,0.263009781442474,-99,0.169003187018457,0.552871205254862,0.104480436959116,0.00998914791794418,0.132274898334516,0.0997221349963698,0.185527260089015,-99,-99,0.0342680036575454,0.0786039251984522,0.03941988522034,0.0527617439953081,-99,0.0521595978067608,0.0170303334986335,0.0893945812447457,0.0561315335543475,0.016434755768047,-99,0.072194440905729,0.537458047108054,0.395584948336474,0.0673996562376294,-99,0.000776148994472416,0.198778477590177,0.143434343074677,0.108168526495917,0.016502554353279,0.345152750244697,0.517754394424931,0.209590257729882,0.0888185814051571,0.168788773813248,0.200518959909914,0.093916219209099,0.0697184005959437,0.0106032749877735,0.0816597324781628,0.121369176163723,0.0434231241808796,0.491298495206937,-99,0.241027989669757,0.107577106060359,0.0330029533639944,0.163346726084343,0.125301584322521,0.106269046043985,0.107533721153042,0.00893382140096959,0.0707226839087462,0.150185034582373,-99
0.187632603924829,0.193597885667053,0.231270873431229,0.149664397379282,0.0596114964519943,0.0575937876350794,0.0549254544999599,0.101414116651021,0.0239436207216674,0.104244009378416,0.0859357688069472,-99,0.12022520107722,0.0289848355191974,0.0394647927913047,0.0423993203568221,0.0307044242249852,0.0597124333811803,0.167534230000606,0.00179296518559531,0.0427078810297169,0.292216122262451,0.0801835482736651,-99,0.309097744853736,0.0835456598219507,0.0413957746152662,0.577789896973838,0.0447006626697632,0.29355137883134,0.230882114407308,-99,0.0310537727087701,-99,0.0494141670181121,0.0566769807572471,0.159987164693841,0.139258717676689,0.142822104860128,0.0143685767021945,0.146043204456998,-99,0.059825302708999,-99,0.104288474651723,-99,0.189485004992657,0.0852376086682594,0.116389174753544,0.169784092024515,0.0745611197132606,-99,0.0262523827248748,0.0695502034862672,0.17319804175136,-99,0.00802137128206695,0.18609047338372,-99,0.0405875211546553,0.124910129832092,0.0113714875192919,0.0987328774217,0.0178299125324218,0.0720908724531777,0.621308611952329,0.17510465774916,0.29496078713897,0.0690164033859296,0.127126793400388,0.0338677831208867,0.136878949382046,0.314871586230431,-99,0.0739116690059895,0.0308890221041626,0.0179857384388208,-99,0.144449818812508,-99,0.0269711664768851,0.0649221673803986,0.0188389307269663,0.0378657962406195,-99,-99,0.123201241376057,0.0159875241603686,0.0398485885277403,-99,0.0716921799419082,0.553840840294852,0.129897225680846,0.218724606471551,0.215481676036255,0.0640364244186639,0.00791684328874716,0.0215120915133289,-99,0.0331344788434686
0.0158487240482611,0.0245070161323238,0.119731299147553,0.0128458506672437,-99,0.0786880277408486,0.231392116148487,0.17916249110081,0.0509793929580294,0.0817428953642697,0.0497625327559128,0.09041539709942,0.155501017454364,0.195346263661713,0.157698533244083,0.199319310208493,0.0648594770173757,0.109764475126188,0.0618442314319589,0.225778201722523,0.0299814329042111,0.000661853911939325,-99,0.0425337352891321,0.0165564311852083,0.0731198027649286,-99,0.228517689112767,0.179886107810538,-99,-99,0.185847157059323,0.00714054563624622,0.000578516242080934,0.129366199062008,0.0923590025630214,0.305038802568687,0.0560408345971046,-99,0.457198860040609,0.0987327835391007,0.00535836216348259,0.0961030258865361,0.585952995952319,0.136886074792536,-99,0.224930980278328,-99,-99,0.088485369710007,-99,-99,0.438676295687846,0.331640754501057,0.0159888854837732,0.0579625419677166,0.0436530365473205,0.0453717029825238,0.0377040247531836,0.0108749628422827,0.260420110669782,0.0534352829007612,0.404761003379857,-99,0.0190664182981545,0.0608012157346497,0.0960022481493547,0.0714029794738417,0.0448602871144143,0.2791084097444,0.0482412270973514,0.0111568912233524,0.0230107758678912,0.0170370041048864,0.0404513721582061,0.00670426665780858,0.10958876782755,0.191451203654598,0.135812129464933,0.0503238615491415,0.134032236335472,0.275862272598046,0.13345740481944,0.111220658577495,-99,0.0655610990479356,0.121932262359151,0.185043401355368,0.123859460278042,0.114550623099603,0.0481013148833315,0.22845327130184,0.243918028370241,0.313371629923936,0.136062066315245,0.0992425232855691,0.310124374227242,-99,0.208186633688907,0.0228557197631904
0.257061109488288,0.262550932884708,0.284068469296907,-99,0.260623063345622,0.174036512604367,0.0272870034758813,0.396553804822286,0.0213235320631401,-99,0.249861555211882,0.0119643927417395,0.387762572570337,0.00455844399963077,-99,-99,0.117494238918951,0.0483208997734602,0.098366796102437,0.132219572309354,0.132031020871536,0.188264999014189,0.10205794731798,0.137642660073418,-99,0.135041718996693,0.358688094689387,0.12444134500123,0.0869117845694544,0.13865640123276,0.0185971999978601,0.542540744021028,-99,0.0308987526591542,0.152969063697587,-99,0.0243488410945956,0.0943843055296735,0.0387547546512544,0.312934564719092,0.117697657170833,0.294632334800799,0.223857529365778,-99,-99,0.211509128047147,0.187561367335728,0.0978715916030259,0.00761084743777995,-99,0.0470150008661356,-99,0.0860137558314865,-99,0.105843982221641,0.116369207713909,0.0458354494373553,-99,-99,0.0332613129869804,-99,0.0116548918144592,0.0150718557656871,-99,0.154444635800905,0.19680475014798,0.344471799889669,0.00869944419388297,0.308042091864009,0.0476660793491364,-99,0.0152883977946775,0.131794424847634,0.227869122048092,0.185157501193115,-99,0.114960831680631,0.00746130890556104,0.255177953216196,0.211953394464874,0.0696133368328826,0.0730711805485805,0.295250775380755,0.105632927479883,0.315907836581552,0.222912268074202,0.367463657261783,-99,0.205068786189893,-99,0.125837308296441,0.108480596959756,0.123564224904494,-99,-99,0.245772642714213,0.136977392152538,0.185129336842903,0.0931873921973697,0.0856496383523427
-99,-99,0.0187261205992867,-99,0.172962598924544,0.0662509141563395,0.379161590275181,-99,0.0248261292462342,-99,0.0136165839466412,0.182626816231383,0.00864048195632188,0.15272822250754,0.65365829927575,0.0279956122250707,0.311387755768888,-99,0.0613560561018097,0.049540066481977,0.0688464820808655,0.0464418010895069,0.0465329237679377,0.140913782276107,0.00845633229130768,-99,0.0238587403899673,0.113182514571985,0.099268797686317,-99,0.255440499160811,0.00452122661137951,0.105093521042712,0.391767100483941,0.0703301136489232,0.0145520891308591,0.079230191616545,0.610534671602226,-99,-99,0.188850550226496,0.0600335875639372,-99,0.242252441960395,0.0231774131482298,0.0940531847087866,-99,0.0225574532773433,0.00205596477596876,0.0323305920404295,-99,0.0844453869783642,0.0571652086708181,-99,0.219370855369295,-99,0.0572216402839341,0.0145086676116377,0.0652380837030977,0.0343801361638903,0.171674904459901,0.279086441774007,0.196775448309909,-99,0.106775232703584,0.364011769704172,-99,0.196483240370233,-99,0.336322435237161,0.491076946852154,-99,-99,-99,-99,0.0940941901310774,0.0296666316959061,0.167122440439937,0.0100936807128329,0.125885692905007,-99,0.0528566051924038,0.152984390028901,0.0216040243176285,-99,0.289140879057321,0.0322596362540122,0.00881323135316131,0.00284247136594882,0.432562430325097,0.126334361989993,-99,0.113941327417757,0.0582481822328043,0.142591824551788,0.0930945140179599,0.275073572510168,0.149543015504471,0.124092550849646,0.42243563089326
0.281866365557717,0.293469013494209,0.070165329959376,-99,0.130868541088315,0.121935377521779,0.0602308297961032,0.00778815659651412,0.305316480648697,0.0261893815661968,0.158195509830787,0.0368110787357922,0.313697649146977,-99,0.114924711469349,0.0253535943182936,0.0641551268447828,0,0.199219008901592,0.0222111558211824,0.0745370974345486,0.222684801926183,0.0656772152230479,0.0806761098204273,0.214251198750236,0.0948104393595423,0.193860203141811,0.236786237043561,-99,0.0775020080349725,0.207505987094408,0.212394048607961,0.0716159904420498,0.235675697078642,-99,0.118415009746445,0.433569590033207,0.0198482881462085,-99,0.0135641153653796,-99,0.528731340212258,0.178733272032938,0.390034328764963,-99,0.0405710124831766,0.0568834711718273,0.0114064630457833,-99,0.0526888198312708,0.28841558973115,0.0403899410020133,0.16926347215676,0.203901183905878,0.00528259178701734,0.180274227304738,-99,0.19660048591643,0.0567369212168891,0.00232753938545144,0.00876522909135365,0.220209514677117,-99,0.0750234208210719,0.517828084836535,0.0211801858288206,0.0313556937017195,0.00740866560252578,-99,0.0110855317234874,0.34363227792696,0.0506567496606858,0.102486167046,0.41182871331253,-99,0.110105050769354,0.621721459217878,-99,0.0514168875560215,0.0171054605500641,0.0308367233275564,0.304874987235453,0.218357032806365,0.0668048190061715,0.390244920828901,0.0970785987985744,0.146193810214257,0.174176138322441,0.0830613625489399,0.0810803905962629,-99,0.165678637326509,0.0588319047620245,0.0345887559206073,0.0179225350728489,0.0216573003549771,0.0174396295129032,0.262579558926505,0.917603010009454,-99
0.135731834464317,0.0203495358533891,0.075407295083821,0.312891120245434,0.258521697135083,0.172961471749537,0.0449161180843166,0.275324503613708,0.0122334046397171,0.195868994920003,0.491556774400865,0.120586672164459,0.158212076130261,0.0734035359915085,0.104554629602741,0.0506024091322951,-99,0.272304816394563,0.0778238008011123,0.23890514791257,0.242447803992031,-99,-99,0.0451331612770936,0.24790212167757,0.157864675880541,0.0498490376892744,0.0564508302308002,0.0764770034179974,0.107924568767832,0.236691260665133,-99,0.00208860316554196,-99,0.0303487155407444,0.00842078448994654,-99,0.125318147607227,0.0785351447898227,0.141266315770095,0.0313832599727363,0.584104316312107,0.685544986714506,0.0401462246650986,0.10633241917899,0.0697351081423805,0.0248672035946562,0.0468974638021468,-99,0.0525797630215627,0.00285733438566416,-99,-99,-99,0.0169849719242991,0.202691569908186,0.178224323800613,0.0287037330556467,0.0399156117708976,0.0846786875573678,-99,0.202964163618488,0.0102924036765311,0.0342636960302204,0.0487912368564399,0.0447294707010794,0.0158441851247035,0.00303923316534159,0.0265385291125927,0.173496414488504,0.381873105713568,0.00186951703473266,-99,-99,-99,0.189606895867775,0.303959335706803,0.09371615114089,0.0294600009923307,-99,-99,0.0366407633602081,0.270202737192816,0.0350068048267076,0.0507362101711217,0.0652174389955565,0.193275838071912,0.0354480391527677,0.242916908174102,0.0602298614421381,-99,0.0584109364275731,-99,0.182091235904127,-99,-99,0.0104112471199709,0.272964095306434,0.244296950636157,0.642068359058562
-99,0.0361106513870144,-99,0.107799866837004,0.103059206074983,0.0353097716790571,-99,0.0116507214424006,0.246234119029768,-99,-99,0.0437496564728613,-99,-99,0.329658733355296,0.146020542849979,0.00596922066779355,-99,0.127347041120974,0.0855520582022577,0.22692605346016,-99,0.00179111778290666,0.0056425661975321,0.0345087866724281,0.0574410739981548,0.265705035528338,0.121951198589992,0.187615641928902,0.0400297577390359,0.140146862221759,-99,0.0659152110757181,0.173186440316798,0.0122860767442354,0.222915276237399,-99,0.253320612247859,0.0122728457868447,0.0283456295738841,0.0807823606101394,0.0385730352258941,0.184593583696587,0.0986977218923108,0.00269516686627869,0.114171164650325,0.108286318722285,0.0404289407850455,0.0677814461492945,0.121218622550716,0.0542492055079941,0.129978897023889,-99,0.0553888510671875,0.00825591911561758,-99,0.0875655405357462,0.0791981991607456,0.0124583745023796,-99,0.0594633797930247,-99,0.0996133844851348,0.0668225097096375,-99,0.0368558326740442,0.121996218259127,-99,0.170253466625609,0.0862106380196917,-99,0.138192833152459,0.365221404495214,0.0686538503002683,0.262967660687592,0.0116274272821159,0.0476742454418396,0.00940137367161277,0.0800096091692378,0.135989252376275,0.0162899366494484,0.00611292644083897,0.0164157470747792,0.00568169019113526,0.104489792693882,0.172631923740959,0.0884732571906437,0.309059313258845,0.00977059939372155,0.140384820190572,-99,0.159591284445437,0.433861131104828,0.038139573307881,0.196118684375366,-99,0.294561132689114,0.0352917180631819,0.0966638225195637,0.144572160782134
0.0885940847268021,0.0249907087933799,0.0780101597270157,0.0693581003471111,-99,0.0496114169985546,-99,0.0556776222136703,0.00344093285544648,0.10250450852749,0.0126121961747954,0.0656142731591451,0.122631085749716,0.0995461402044915,0.0470136592201228,0.165111489850132,0.0997616818669238,0.0749717089754216,0.0159019740644274,0.0696582013234291,0.0309337599659321,0.0184281074398195,0.0315823260852123,0.159725988485471,-99,0.0616386546801783,0.00577824963445644,0.127003629688626,-99,0.0717727588894191,0.000241838781343784,0.163882348670584,0.0740559643829107,0.0785409346740784,-99,0.430999067114173,0.294912475992828,0.153054404722481,0.109655954436105,0.00598518493988566,0.128764890988391,0.00337015973427352,0.0567989737878945,0.01609151755037,-99,0.392989044978571,0.141432716681133,0.107249222572979,0.0290565016424948,-99,0.0769893833364137,0.0483813614701461,0.220170968286332,0.132477284306248,-99,-99,-99,0.168228409917165,0.131576246447823,0.194214679918917,0.145661838240858,0.0122164937761235,0.202059332297259,0.01997802936751,0.0568517308429,0.439909084351871,0.0288557558485898,0.10477933266992,0.104921041178902,0.102632308992415,-99,0.124365197697732,-99,-99,0.093837536317246,0.0971705490871019,-99,-99,0.197790687622223,0.306561147773112,-99,0.0629479772569513,0.218781979969328,-99,0.0791251077170989,0.0285197558372062,0.060703843874209,0.19359583443276,0.228991720622447,0.194249218187225,0.0351692296260436,-99,0.027883815742547,0.003292808081977,0.0151848848127415,0.0135319219362702,0.0319425508465142,0.198588021291402,-99,0.290034847274397
0.127256261162103,0.157280597444405,0.0506020548636817,0.174231998617939,0.14632072515719,0.0533882833392404,0.0236693922229062,0.0655952298521134,0.232715841554681,0.189181013483772,0.0287344968502313,0.179863208385992,0,0.0049926308679716,-99,0.0828620312824932,0.101804085176486,0.0926240842568407,0.0786085948929335,0.129820975004013,0.206631539162909,-99,-99,-99,0.0817084257948923,-99,0.15541285070068,0.237181698229202,0.104270710031821,-99,0.445516102008931,0.641667253182116,0.120231027380937,0.04767269018827,0.000956264783832428,0.102370463943651,-99,0.0999884476384846,0.0449065885727058,0.0311343323174688,-99,-99,-99,0.620132315502625,0.212468888244123,0.0185654594956492,0.0875208556907242,0.200332605321132,0.0134877693143721,0.00634417255267802,-99,0.079846489230047,0.287433948227842,0.0128897242398751,0.0346252214873154,0.658224849444064,-99,0.3247133480227,0.0400816548239599,0.0282095921967898,0.0271760712716656,0.0396302888609551,0.00541441175914981,0.152238325202891,0.169566405904345,0.281238036187581,0.0775516341833305,0.0252289437317951,0.142000444680793,0.0339512258692986,0.00539396069270243,-99,0.106171786130912,0.0865973826025589,0.00838153059824174,-99,-99,0.0169591122164148,0.0824336648341903,-99,0.379761811130629,0.122023500113226,0.559926635213747,0.131121784922796,0.00724981403679717,-99,0.57938954727816,0.253225852172493,-99,0.205701669649646,0.0406004754736705,0.610221769125563,0.00559462589356019,-99,0.241511253433892,0.513569520887228,0.106378718677666,0.27666757742713,0.0185212985823787,0.0124701959976979
0.296447134938389,0.0367877114089836,0.256444008014268,-99,0.219272421769515,-99,0.280195165967575,0.0794311080033887,-99,0.0697521216677059,0.0268614611163858,-99,0.0479650678352116,0.146340007625894,0.217889025725426,0.125777860565814,0.102645682925703,0.243532866188554,0.112450551582791,0.109032952800968,0.0118162934220596,0.152687541217247,0.107926608943915,0.0204381191639856,0.029747199572871,-99,0.370056553466966,0.0845413121141373,0.292030060701974,0.0682157375892503,0.00394007534837627,0.0835754624888184,0.0298836841323245,-99,-99,0.327643586744527,0.0765825359018315,0.362798931749124,-99,-99,-99,0.0148468740100395,0.0305478400421948,0.0693726487333814,-99,0.215918835298779,0.198464999200985,0.0751432910702776,0.170028972499671,0.107894555230134,0.194767814783062,0.000899173692234223,0.174954750089539,0.127347205296128,0.00925658034079223,0.0903352567919107,0.0564272582510731,0.385326246463894,-99,-99,0.130077524735736,0.127602033974593,0.0155149363394396,-99,0.0824717910787827,0.174469190853857,0.0822329576884358,0.217610491161235,0.06772498360538,-99,0.220269163551256,0.0240418306798131,0.056327359021478,-99,0.0161185611479901,0.163873123346108,-99,0.0470927460126938,-99,-99,0.0100445074470698,0.0551404312703893,0.136374099807298,-99,0.0698767974812005,0.00187757101633228,0.215616688170972,0.532003893192195,0.0667677344382261,0.0587687554240626,0.18593180189611,0.0226940978755967,0.0676232860766924,0.0671312357764124,0.0458658224329951,0.55928924272148,0.0815866712214282,0.0614005245219981,0.0635167931105868,0.0104326069107615
0.0871961859052754,0.299614434596422,0.182464124775257,-99,-99,0.0176574850345391,0.107826652827334,0.154531471020807,0.0543062601192911,-99,0.00915929477897393,-99,-99,0.194414512294925,0.02134806037133,0.0598654445895557,0.133404459257212,0.197575612867633,-99,-99,0.096716325754567,0.0817025617272651,0.0313587378580481,0.244271258387527,0.233165893247169,0.38589648013844,0.175660397741432,0.0322317687157517,0.0568815476806703,0.404103559458024,0.00370377426827812,0.0302142598151079,0.110926407849863,0.137733209867347,0.275046114500158,0.0560856494933796,0.127642143879032,0.16784271640588,0.316321706337314,0.0384553202125109,0.209709317909939,0.22848824673063,0.132451720562113,-99,-99,-99,0.013024100997561,0.180468736011183,-99,0.0665713995395794,-99,0.0313871007960237,0.148071427926705,0.258547402588891,0.0177747242839133,0.00787067845701098,0.0531883088710725,0.261535890055931,0.0754888082919882,0.062855431806991,0.0218998854711687,0.0233069675013883,0.00530746064865137,0.0655890175883812,0.0181099418711953,0.00260621679058302,-99,0.174624114128132,0.0561804445406618,0.0898270245208517,0.0796216075377213,0.175759309762258,0.0669843516173626,0.0668009829758945,0.128034647108462,-99,0.0367907647691323,0.0746895765216753,0.0500507204502954,-99,-99,0.172694828558434,0.130232384476056,0.084436772063751,0.314629272812767,0.188941142408608,0.00178888485709742,0.240863880372496,0.0249089933691256,0.000520021943349367,-99,0.130814995944279,0.0285289249871786,0.0146704321329584,0.148775206871047,0.227114778088922,0.0976138524986201,0.181173574143184,0.00766302555569104,0.371276059273462
0.158191393411474,0.285749545512516,-99,0.20076429762953,-99,0.259752658518245,-99,0.245322989624555,0.0257625404567012,0.278579616767338,0.186068189994648,0.158175074234898,0.0125275114378248,0.204619160230053,0.0498540179148246,0.0859958992632038,-99,0.0295340824662143,0.0261371525485782,0.0437768494615155,0.244507600223546,0.0212665048770108,-99,0.0483598828444636,0.213116615318451,0.245126079901825,0.263452198223354,0.00446525321867035,0.0999306387143153,-99,0.0198116913830883,0.0142142706102531,0.0195378026577672,-99,0.173172941221836,0.245515657000208,0.101818960082535,-99,0.15655350653046,0.252897315397054,-99,-99,0.333494402126594,0.101194508868616,0.0203350471407787,0.154066872369477,0.117330412222717,0.0151892624181352,0.0742900687591501,-99,0.0340325642621522,-99,-99,0.0545494966456827,0.030717460070578,-99,0.289418943370007,0.201998555329303,0.0257486266474157,0.0312473085236401,0.140782458183059,0.0416406439166117,0.0524665119959578,0.0296198689025116,0.089015202626722,0.173903345135437,-99,0.0753889862887968,0.068061290355246,0.0574151913938376,0.313574044097211,-99,0.0250304863205671,-99,0.0353895861823036,0.00208334362444788,-99,-99,-99,0.00130805731994267,0.574271247563477,0.0583552587106638,-99,0.215682110124202,0.144992317319169,0.0531073016023484,0.0665795396359063,0.0253767404477123,0.192665205902936,0.212236302965692,0.223203731877925,0.0848325879120785,0.224029554510343,0.0730683843046256,0.0352110529727294,0.0085397513801654,0.22136090171857,0,-99,-99
0.00170579072764665,-99,0.178192641093448,0.0296146094567149,0.248974400827347,0.0372232236950693,0.0279493807918078,0.255432422481039,0.143993886390891,0.153508829920523,-99,0.103114663618612,0.171612371843757,0.0515769509439548,0.171938553204265,0.292391354138131,0.102561093091666,0.0278986037624552,0.070437760567227,0.0329689845199443,-99,0.471084035632915,0.0857130836804961,0.185411683378517,0.130514813355557,0.108403334830077,0.0300812460513367,-99,-99,0.0231695811277998,0.0659686882348288,0.414107848330966,0.00406072017909679,0.0557969128061152,0.555827695436377,-99,0.13050027026489,0.0124763583558713,-99,0.0521108147754845,-99,0.203012637965044,0.229801196553848,0.160807431134663,0.166421707790089,0.0433883518017713,-99,0.230299721694713,0.614467083981014,0.0517246003161591,0.00864955512698396,-99,-99,0.0913689613845338,0.224532586437405,0.36421172862044,0.0350970323264247,0.0866745663730674,-99,0.298247109699523,0.270646943438689,0.00249750935434311,0.0421499249321336,0,0.0104494657571422,-99,0.450868861817993,0.0295974900497505,-99,0.0214691017478088,0.0659122900235036,0.011798867566779,0.0452524899250061,0.075481605153361,0.0714229655024287,-99,0.178689899014226,-99,-99,0.0801511833890145,0.119650900594733,0.137427209378913,-99,0.109553988676581,0.0800262898138481,0.17913694465629,0.23240995317936,0.105897023559117,-99,-99,0.347464504401887,0.193193651856289,0.523003137022996,0.676659999369109,0.456228629283427,0.135449142693321,0.110993534762058,0.0090493716314354,0.0394090058120218,0.0125470887978016
0.147522592276607,0.0786692203248838,0.071793928083318,0.0756809955250299,-99,0.0944628818473546,0.323846604777274,0.00906910318877301,0.056962660782805,0.0666638724520104,0.0362712834245948,0.0118544085943732,0.455354260807634,0.279339401888763,0.113707800506287,0.158395990782958,0.183852836472669,0.0885225851498463,0.490597591928087,0.172666525938765,0.153238221803463,0.183266238314892,0.626084225305603,-99,0.0201075053779181,-99,0.0656281948042189,0.0312022391288593,0.0457308687188501,0.268263126867617,-99,0.0122886830979394,0.19694318390027,0.126001764249966,0.351800392817771,0.230256449464854,0.142873240685389,-99,0.0381850187293485,0.00359855163555433,0.106214998801336,0.181038016931953,0.0272226988262389,0.131391891629302,-99,0.157818423178678,0.00952890403942043,0.417084589743789,-99,0.0344257767957844,0.374894980092661,-99,0.00927740622970961,-99,0.0418893405528826,0.0194961693954292,0.0756999625713362,0.0293809281758172,-99,0.0470826187121481,-99,0.0304459482243805,0.106011458260521,-99,0.21999316680687,0.00694108993461461,0.0284927620668406,-99,0.0366158677646466,0.086080472024632,-99,0.0733091751724201,0.0601497620975496,0.0457920457780732,0.050092311988218,0.0360414308460931,-99,0.00645686571029671,0.294010845640274,0.339711230825318,0.122702142116071,0.207350192853384,-99,0.0468486393477666,0.272692065794466,0.0187208607384592,0.0551899299689602,0.443751816473949,0.0202409643974875,0.231197568035336,0.004291213632305,0.0817732427699822,0.0714971557384227,0.193795716057753,-99,-99,0.0817413313355434,0.181039256262132,0.316566484369793,0.0459257575978146
-99,0.264912077613259,0.234942641249064,-99,0.266772268402821,0.254978950052198,0.636119167659939,-99,0.00924618183272426,0.0955005607790103,0.0789231822012305,-99,0.0513603525944763,0.0579461545786364,-99,0.0598034015890057,0.0251807348994638,0.0453323317074672,-99,0.0739343692807371,0.0729452213121344,0.192474254384881,0.154959549164594,0.325277861308651,0.0726056198722885,-99,0.184657293468799,-99,-99,0.195922730926372,0.021384152444972,0.239429846370284,0.116017339196865,0.0588324544117656,0.344076883957557,0.146168085431486,0.0213239707570471,0.551922490749572,0.440944466916372,0.15973216297536,-99,0.0506751140833875,0.0931846829263362,0.445490156067368,0.0424148302163755,0.223973446869173,0.00899070938199502,0.00498295776608507,0.0459441723557316,0.326339638851907,-99,0.0835131035697219,0.0179571001263412,0.0164542873248339,0.0549657009315907,-99,0.157466739287728,0.0509225592797998,0.0450358909167902,0.0133001224626814,0.314401637457824,0.361123254427111,0.249620936186875,0.0431612669188492,0.0724610756345929,0.177875654259093,-99,-99,0.0182709259135485,-99,0.0203875839309196,0.00986512921829858,0.0641982871483942,0.173738560666084,0.0533596989962633,-99,0.0537992013021682,0.257648399441526,0.202522835512815,0.138819750622465,0.0408255850182749,0.000879213023280509,0.0864889807217523,0.321036287877595,0.00153667141920472,0.284245296532883,0.100745145550781,-99,0.0101235239287147,-99,0.068066194433282,0.195692831618554,0.276091002875498,0.0992754611045115,0.127534864648051,-99,0.0352341196466504,-99,0.181966359024164,0.23345057951069
0.0461224575970432,0.10018107741769,0.0656681002614664,0.118576892498926,0.269052585371418,0.355056605826526,-99,0.232782998186811,-99,0.0984358298463737,0.0228127711416558,0.192855148879865,0.0248302056158283,0.306979458113946,0.0531197741590065,0.0973434854375072,0.210135731856191,0.45606472892392,0.0136632667365892,0.282213342672832,-99,0.297934488355492,0.152436268929753,0.0267085839429526,0.175980489109245,0.0688604060503114,0.0184344838454867,0.086019960904663,0.295088079136111,0.240665415601455,0.211658620155547,0.384303666219569,0.11741510269409,-99,0.0466351242304905,0.0385326475398552,0.00802468992015766,0.126497183142749,0.000926639983192887,0.355912458092921,0.195820374095417,0.144893601064339,0.506430661014653,0.182021085290766,-99,0.0600056448366822,0.136105167891957,-99,0.0109929640546508,0.159146652447765,-99,0.0125245511439328,0.0469425021442032,0,0.0785316137360713,-99,0.112216677192944,-99,0.0655016379795701,0.252891694462073,0.238758452600342,0.0634858830056803,0.214757626225026,0.181305912541068,0.00469953763874008,0.0298734163107561,0.154294594268932,-99,0.041073624862106,0.243214573527662,0.0952334912432051,0.298664284870337,-99,-99,0.131783863603915,-99,-99,0.295153814204034,-99,0.207691260151574,0.0115968426152724,0.117312909203852,-99,0.2242717117435,0.253092570388711,0.448266228628886,0.528409733864126,-99,-99,-99,0.0719101038593576,0.0256414701324138,0.0991831228084616,0.00713637579398772,0.278594627927778,0.0497985592782859,0.121090267557217,0.0212699805648553,0.227302228729875,-99
0.139935254461412,-99,0.0676625897601861,0.0917135689725698,0.254775239244824,0.731122179071967,0.561259065783524,0.319707756024401,0.336874113504432,0.234462926225722,0.127659689172149,0.124643187497522,-99,0.103625793767831,0.307196295347425,0.0240880743170084,0.0556850703505403,0.235620859880342,0.0385428783262718,0.0914214310586371,0.316300429995296,0.0190454193755031,0.255076519690621,-99,0.0743395238207568,0.134128309145107,0.326105107379805,-99,0.0892701855491554,0.0110983349552792,0.0587983770970102,0.0135871481542354,0.0278294241985244,0.300543015303207,0.101336978534865,0.0883044758701078,0.0237913017950552,0.0840714143187007,-99,0.303993853805786,0.0553434044364041,0.0576137241719294,0.020127404595599,0.0965111618002518,-99,0.12521508992302,0.0620223686729115,0.180806976258034,0.273493519114656,0.314689158250632,0.0263112799236495,-99,0.182843343046992,0.193065869583511,0.213085700192962,-99,0.150180983157924,0.045165387778746,0.416173407162939,0.0272740589529182,0.0763208845441488,0.280680182652608,0.0645935923215299,0.163595396976081,0.121526724234779,0.0615223190742895,0.154258495543639,0.191432836289677,0.352085830423484,0.00500139212332797,0.034938844129195,0.0527383296266446,0.0657000937921983,-99,0.121397919331408,0.29525972133919,0.0491817308633961,0.0691851242293626,0.316605794501688,-99,0.326641678682056,0.0922336234344933,-99,0.0106181631122719,-99,0.211819591983711,0.100762203277133,0.0377031380736909,0.334327048421858,0.511102228411385,0.0314358671269522,0.385590576013664,-99,0.310052336266742,-99,0.0465141172115857,0.00287365416763696,-99,0.0236804858534177,0.115743362079875
0.305252183684131,0.0332801972268172,0.0571409193885183,0.347220595082428,0.0540067241112116,-99,0.00339685811511216,-99,0.236921125153598,0.235972863597498,0.327683882690323,0.493382345045049,0.049318263963143,0.420684936577023,0.114185550255885,0.593517177859263,0.208499471644142,0.183998151076897,0.0402381923480371,0.070688236190634,0.0589734151830864,0.00581866598697462,-99,0.291865345781105,-99,0.0131368364879446,0.00882690916920624,0.111280967258719,0.358940461858195,0.00783398264973928,0.287025369062581,0.0621739573423492,-99,0.0185459444085961,0.0138957608971134,0.372271377785326,0.00947103774006527,0.00735497675145125,0.00221978920259555,0.150825433840429,0.0599386380734049,-99,0.309797990997915,0.404503562339494,0.0165976440346498,0.167492755187871,0.00961623784732646,0.116687439349034,0.145866848668537,-99,0.0772012343207846,0.00857827803457487,0.078138613556025,0.1847880274714,0.00377914372606764,0.0820417217506924,0.0180491036763161,0.118862906609605,0.145348792456514,0.0236526221841018,0.0489323175148792,-99,0.0962191349612537,0.126072234445007,0.158037011418757,0.360800019135476,0.0158920798743644,0.0537542278583915,0.0258742948619139,-99,-99,0.026088734611388,0.0128337301894567,0.103273189662764,0.308808879408794,0.0928408351092329,0.0280673041838595,0.00726407451901263,-99,0.15434369850242,0.0202126502430863,0.462498057955537,0.0332657112715905,0.0101718692823097,-99,-99,-99,0.00234760530022396,-99,0.0197881010882913,0.00873430389785464,0.0186178534911596,0.126826219531092,0.126155250621238,0.151740782308819,-99,0.13316459390685,0.0381771254109727,0.279619666600635,0.0845175081914937
0.0102872404248367,0.0217889759934408,-99,0.0218486752683929,-99,0.280241107943805,0.0825432257036082,0.0724404944662732,0.00906292011606957,0.0734151870915514,0.140484780162909,0.122923868798874,0.102970413353279,-99,-99,0.201268424915739,0.218471231984459,-99,0.256995402507152,0.00563658313188603,-99,0.326321321622249,0.407708514050799,0.0960419117986833,0.126907756052764,0.329612007383144,0.00217065743216503,0.0884854108231472,0.412985671933708,-99,0.330139841989431,0.0855209202647124,0.285332559725105,-99,-99,0.156534281598748,0.120097028618097,0.310655790032325,0.0174481205678537,0.0555757471201863,0.180198686131757,0.132727255397422,0.140183094627825,0.0352002627069927,0.0032349213094516,0.0151379436154298,-99,0.0626531814583735,0.284663980277956,0.213116132257285,0.0723122661897103,0.0179317331839267,0.151619533038412,0.00367279883393912,0.0488218535434175,0.12559252135196,-99,0.048970201093153,0.0821134858147952,0.164420841682569,0.240932282941414,0.175709133229598,0.14899478791003,0.377522685325538,0.122502857233384,0.0856234765011975,0.0714782262190866,-99,0.184593933439426,0.0187226366721106,0.00965405053387528,0.102227516848088,0.0558596239118343,-99,-99,0.170690306229195,0.0375302018898353,0.04119951848939,0.136928880470981,0.047757777340454,0.00517301661360823,0.119854923387217,0.0512058429818453,0.0573202337212685,-99,0.427604307848789,0.0197558127888958,0.0672757806086932,-99,0.449642503635548,0.20377421836936,0.0528578630605502,0.0358312055977904,0.31330233747754,0.000437925658342835,0.19925240328926,0.270398110608369,0.446102227554822,0.0341787640912948,-99
0.325686428572107,0.284292510259911,0.357370514188146,-99,0.0513076085594639,0.0983205507377871,-99,0.0898551122048003,0.0637336286488128,0.130438910137152,0.434714652011249,0.639303911099659,0.212244393845488,-99,0.348410327570853,0.315966473880466,0.0898725623902525,0.0261761463672439,0.165262909183833,0.0122329573052475,0.153268506964165,0.126905087435011,0.0403080264724328,0.00346142020029178,0.0348751752607209,0.158564300252652,-99,0.03582914354881,0.00433663095684465,-99,0.105300587483373,0.164257199215605,0.0214988520560304,0.14651336275053,0.0876551036052651,0.365732981653692,0.49082431635724,0.0914013977840645,0.0772293842633007,0.062475019077253,0.647651825040307,-99,0.0512986121487427,-99,0.0893483527138046,0.158340977908544,0.0491995306055464,0.00145129424663065,0.106754392836706,-99,0.0548848388732938,0,0.212021493133429,0.0721779913750072,0.0088984215643027,0.495675930287843,0.00361620081405404,0.249160034303223,-99,0.0383243424395745,0.232957145154593,0.033514729556174,0.240222507769617,-99,0.629332384172185,0.163429712448723,0.026993126431024,0.0223082068752769,-99,-99,0.0975871417818211,0.0446812102480591,-99,0.0325139877262775,0.0371012169464014,0.102075859371773,0.31917258204975,0.0610973201079645,-99,0.0390716595363201,0.0374213613181319,0.110174150254655,0.11050094874605,0.433050671754333,0.0498954209490581,0.0545348520840696,0.0921152611495629,-99,0.284555720294251,0.138547933198015,0.0798950675937991,0.21837698808376,0.108429300360646,0.0882826807966993,0.230294624548808,-99,-99,0.111085079087813,-99,0.149467115570726
0.148129102954725,0.0642860818323468,0.0742584846813935,0.0172589355491691,0.75650515533502,0.0770664332499348,0.234464751640962,0.0969355240849707,0.231478700101717,0.115139349823278,0.0746102013916086,-99,0.398840842907695,0.162664282632538,0.153034300210678,0.208849952200692,0.0530233912005908,0.16640760405641,-99,0.134775174855301,0.0229450893841865,0.0370801652873399,-99,0.035844018968245,-99,0.0378208374835252,0.0170059836729876,0.463652226912448,-99,-99,0.463839925093127,0.0420747281378655,0.0337246411935843,0.422912913299289,0.144998853751274,0.204849575727698,0.0471782402289736,0.28587435600148,0.0239273967177523,0.362551825901377,0.0801056194537977,0.268100010214708,0.477085492928425,0.080830213115087,0.136219379026861,0.530552325202994,0.185494060476682,0.0543943395623027,-99,0.123618575309927,0.138171931287416,0.150422466395591,0.030879080734561,0.0979342819658827,0.0111123677331191,0.447570772342831,0.0386307094485767,0.048790365633282,0.0253394568888378,0.0439326837096261,0.0778883956605794,-99,0.0883780055852646,0.125339384753888,0.0415332044920009,0.126754345104634,-99,-99,0.12696251082962,0.117688409097151,0.0359376856633029,0.120987013942247,0.0480697386091692,0.383461566320079,0.195772864737921,0.036971211942507,-99,-99,0.149532203599204,0.0980908766108998,0,0.164133609196619,0.105662742645136,0.16863802947577,0.26367955392948,0.132518100662429,0.0134059423138454,0.00685931135714512,0.0655086939585135,0.00567811056179157,0.197510891676324,0.225716252132456,0.150493903652632,-99,-99,-99,0.0147343457560373,0.0994769066353139,0.155910958622497,0.152908521468267
0.127732356415766,-99,0.0925690652529005,0.0759061092206186,0.00920979190750381,0.293780468145725,0.0848692727757109,-99,0.245999783984072,0.18445496719375,0.106951893090498,0.0587810992156968,0.263594910282691,-99,0.202403478206579,0.193104778789471,0.193631037859681,0.132319857014495,0.26113189035374,0.00668395770248644,0.0889486273123495,0.379774450105381,-99,-99,0.0815846907168419,0.0531847382981418,0.48877820128969,0.0759375547092089,-99,0.0139392822947492,-99,0.101433192579379,0.184767184491151,0.117121584063507,0.0312375719347896,0.0220321365753952,0.167382757146948,-99,-99,-99,0.0119755101984614,0.467197851553144,0.33197105933699,0.118479750630611,-99,0.0204981736709995,-99,0.167515868612286,0.171866948111878,0.169992979321218,0.0427541236956017,0.0747665294617365,-99,0.0283656806121876,-99,-99,0.0289507837658691,0.211853022146863,0.106036541390748,0.0198977510954159,0.241790324691921,0.036400764827312,0.136150586782741,0.177655416898515,0.0486383952410506,-99,0.0280967835748236,0.0472909316356908,-99,0.165982292732592,0.0635735333291561,0.0317048454648061,0.0853899424692671,0.256606601438502,0.0277579654446044,0.19628248113632,-99,0.188851024997342,-99,0.116491314736478,-99,0.011827276472218,0.212760311535979,0.094810726726451,-99,0.172697373503811,-99,0.0543808808771706,0.0298119390740509,0.0875652961139129,0.0457461432668824,0.416463924569272,0.00740374462397305,0.100354167543896,0.0523746078851628,0.0132924191939594,0.101371771657427,0.0791748443962372,0.113096326526826,0.104168144663313
-99,0.089919122038508,-99,0.0231718016408077,0.0250459046818765,0.0879863655908127,0.144564993812277,0.0966096217453103,0.195436513396676,0.0144856253533725,0.0943206221924454,0.178972530331557,0.0180732981251202,0.317354999157959,0,0.0499213419636088,0.0322486777395211,-99,-99,0.0967665973785327,0.046448389953735,0.0391167128768874,-99,0.00170810038869958,0.169904916672243,0.000583479914377717,0.0284777938506661,0.682412549309223,0.102774061071609,0.0169312769559612,0.0695850463001241,0.188522634253671,0.0395125320509837,0.0742370552222593,0.419604385723343,0.0240561124585761,-99,0.182579068675225,0.115852699112046,-99,0.0554071427053217,0.071052965716991,0.107100089558851,0.0657620307554246,0.00932578516036359,0.0123456107912328,0.0967219960716644,0.0420155052965727,-99,-99,0.0188269080023359,0.189468748503176,0.179521599429686,0.000119997209113381,0.0940462647906144,0.297691231881497,0.0507766865044399,0.0669328455088096,0.117216041901559,0.0570592379637682,0.00694626030096384,0.207643513733742,0.000818252086626448,0.390496932230882,0.121218356414689,0.0428163585340715,0.0160676511558883,0.108138290163242,-99,0.0242130453004811,-99,0.569935587447901,0.0312440461140863,0.00627182793070643,0.123998900822652,0.369727200714201,-99,0.0200594213365695,0.0934532746222915,0.126861061750278,0.0329771958175115,0.136836315917106,0.277020414676138,0.103459420718221,0.0840342854320017,0.145753751006976,0.109724679813104,-99,0.0893546206203963,0.0490222723421789,0.0873438899734579,0.118888385670559,0.202009781330822,-99,-99,0.0202193540903867,0.319586928430157,0.17614569182057,-99,0.255817217832344
0.614307600373467,0.10893437853379,0.0499580149680738,0.137458312655365,0.182573943439204,0.432253464756003,0.0690928381658157,0.565185378861698,0.0152376679339056,0.0104538261496067,0.0278770118757373,0.00220059440277575,0.072779584063077,0.0363425866641917,0.0894934318888788,0.559432759130214,0.233002335662173,0.0440646584291569,0.247519039768984,0.276462104327591,0.0228645373485712,0.0278113210860019,0.0184747912935913,-99,-99,0.143062041622564,0.129298433994597,0.00341412993085585,0.15516273141644,0.0346319738908361,0.0869226315402273,0.00521695316811425,0.00651500366196736,0.148410354337561,0.106549610463966,0.0925520050651152,0.0236711003517744,0.0371194443293836,0.135125130458717,0.421233582754137,0.436411603164379,0.0398100919694404,0.0837006945427532,-99,0.392311726364683,0.260279792312363,0.190110832224956,0.166297350521789,-99,0.279075290185881,0.0551237724382752,0.0810483616345922,0.012526209576097,0.158049119028779,0.0061697059726974,0.0638456431037989,-99,0.091996855335256,0.0905379852933996,0.326553590882087,-99,0.287571867402585,0.0933067174262907,0.152349030505944,0.0183179067906799,0.0113319117313434,-99,0.289699234651576,-99,0.0236858938786227,0.158103114252717,0.0646171053569553,0.186419540209037,0.0262068940327198,0.181640237381575,0.115548627967992,-99,-99,0.0935827543124829,0.00374755936689997,0.323265473757647,0.180237295984269,-99,0.0927539230154441,0.054556799052348,0.0874974114936921,0.141280608602051,0.133330786102656,0.057896786059713,-99,0.00340441260672512,0.182613869026851,0.0470010846494,0.180721558542903,0.0494988054499349,-99,0.0792506714115036,0.0825960096837052,0.172805273382402,0.108859372852841
0.0585288199861383,0.287397591455184,0.0900480581021785,0.235742338079317,0.059128547928155,0.120573447153284,0.185600450458986,-99,0.0498279755454643,0.0375113847821222,0.359800716013009,0.0380639756915082,0.413500604552111,0.0193299394901451,0.0309204039346214,0.176990017940156,0.547559900668407,0.161898146599743,0.405072895368219,0.459705212782608,-99,-99,0.579196523931958,0.089885878018903,0.00388721864813349,0.198653335043193,0.115832452310554,0.136189052060565,0.043623170564302,0.422563953886686,0.046519289229982,-99,0.0318400956544498,0.134630357939652,0.332702534386568,0.101316882076393,0.0313542381753052,0.172312045632976,0.19993604979532,0.0796252891562456,0.135509635807089,0.0822186412559233,0.092504038918954,0.191675853939062,0.082060603840837,0.0019759762971215,0.065752702907675,0.0328896337241657,0.405015881542502,0.141803794234926,0.256193308506121,0.161522209470147,0.0441311695514504,0.024492786842839,0.0567346077031388,0.17743383088555,-99,0.288300989634138,0.0161336744717635,0.097598610772489,0.0781218751217084,0.0114323064774467,0.0201065066428472,0.110563612457593,0.136496209556404,0.136225347245574,0.0390290839148396,-99,0.051659474759295,0.380840841489764,-99,0.00683969863858669,0.0484630265922037,-99,0.158747826453957,0.0314514454329382,0.0250921290594904,0.342339466329798,0.0246222561002663,0.0355789699431058,0.174714900014142,0.0201977510384122,0.102595134790584,0.14936836076035,0.421490715213911,0.0791100351508934,0.038462225631015,0.155222302487014,0.0584943364273709,0.119351351128515,0.0591891787028703,0.0903503083323304,0.136143287590172,0.23711651976515,0.0736061329427378,-99,0.0608799299818112,0.144738883611461,0.0922919132715608,0.00834437659247668
0.0513320088198459,0.370448768696619,0.0934368892806129,0.0641313997590575,0.0964050951469255,0.242602277163292,0.270418355297587,0.153695100861187,0.261812232169821,0.424588162326864,0.00748609515452769,0.0752093729545145,0.294336301216323,-99,-99,0.123192806310816,0.683407241120883,0.242733970153542,0.218713670624806,0.54559458875021,-99,0.145647949359003,-99,0.266490913109439,0.400860595791025,0.227550830620241,-99,0.111918137811236,0.0947922766488844,0.172086021767633,0.317272064201415,0.195127408083608,-99,0.263308708526309,-99,0.00517640723254864,0.0309479353919878,0.242951545586808,-99,-99,0.0136827191062488,0.13892354552357,-99,0.150505129628288,0.0027650873539209,-99,0.00372859435280067,-99,0.00426292375919678,0.0951127588093714,-99,0.0217436963395834,0.281650999481548,0.0435026021681313,0.337690803419261,0.156071684658087,-99,0.139396883186089,0.551043720359843,0.0152874882962592,0.0659672607230411,0.274037461762721,0.0595390158697494,-99,0.172342217752893,-99,0.0799707649865027,0.0227141470525504,0.00517175863120311,0.129822378479279,0.13254274748204,0.106144594378027,0.0550720427500666,0.00162623996072314,-99,0.218919762501949,0.316491226082518,0.205051316680336,0.196988107630377,0.0117277770509215,0.309192807803589,0.0183940648783033,0.0637694321573902,0.0637104931149948,0.43585201214849,0.40166043326937,0.228229227607686,0.0423424340507623,0.0943508717265422,0.0132901794677676,0.0544868144618157,0.0517340558015183,0.0657098828008082,-99,0.0235398390791996,0.0179542410366444,0.0158543747924655,-99,-99,0
0.262535442190292,0.0052211322820597,0.265811963224265,0.00339457051628892,0.249695700883561,0.426384579507131,-99,0.328595183721751,0.174966158711895,0.0104417976177552,0.077980605776969,0.0478508407808247,0.0376511646032878,0.119048486574163,0.451434734113525,0.374415278761518,0.150944825624316,-99,-99,0.0397558712810245,0.0301215102450146,0.0246042158640602,0.0615831133642753,-99,0.214019315199884,-99,0.0140337360647703,0.0351427927774042,0.0612386173949883,0.279363435888124,-99,-99,-99,0.115510219637419,-99,0.00357783020978849,0.104545294432529,0.215926585310999,0.087972274560819,0.264444025316522,0.0760716609051604,0.239943266436367,0.0522017296824083,0.189153009862464,0.113916994894789,0.126863066172194,0.0179360999826166,-99,0.0994048629934096,0.340300532538874,0.0388025508790706,0.539545623180282,0.0639558496090287,0.212549817502093,0.0185658964894078,0.0224382396719923,-99,-99,0.14409227123964,0.0648553366017335,0.551721376714899,0.00544696643415869,0.0526423342388058,0.0750467180938078,0.171583577621992,0.428558841193332,0.196093449900324,-99,0.0990857648453365,0.236567134737639,0.0237746063324324,0.114248243762067,0.15857015211563,0.241596301678896,0.330301562885515,0.0374523393927944,0.0873228792973672,-99,0.159540928373725,0.101714169172542,0.155722170738716,0.0208087655607121,0.0767616141501844,0.153609222817157,-99,0.00116053526848831,0.145683334704184,-99,0.0423113845600748,0.28329064276938,0.174123656177032,0.25773810600219,-99,0.344004552838226,0.202192240071832,0.0379381011948594,0.0907055754054121,0.148043157505675,-99,0.0726955091312639
0.0418132432086332,0.27625985196433,-99,0.155967707457772,0.322438059679925,0.225117307164226,0.407591923965271,-99,0.0276501853187643,0.145802720379651,0.180214978612584,0.0590952320020947,-99,0.384120403872664,0.0403470847612339,0.282466003933082,0.13192750002998,0.0119923820272912,0.198911628340528,0.0114022596525593,0.00310863028355454,0.0105413625211612,0.704790460416384,0.467179898788954,0.10432283396106,0.218046996633395,0.265850501006239,0.061761142779072,0.378018034504441,0.21656705236877,0.144199934125349,0.169979257878016,0.0414795826965978,-99,0.0271147524479557,-99,0.0366936230609535,0.100680351853635,0.0326177766132283,-99,0.78256080797736,-99,0,0.0440063677352346,0.0505453173920735,0.0848654287603771,0.266247129699743,0.132257373485212,0.0708607485951208,0.0141127256579639,-99,0.138320632739196,-99,0.0320102041723638,0.0247764138621868,0.188052926256206,0.0514873665365697,-99,-99,0.0184447894278973,0.245982331835951,0.296856611822324,0.279244842107828,0.0667384191933078,0.165388998196646,0.581952250365961,0.129924684409327,0.17053037550257,-99,0.00378959939187774,0.0396216540830575,0.00498682866303885,0.149460853948796,-99,0.0571004615928264,-99,0.0716162028371041,0.135372425185364,-99,0.0174267556826232,0.16093919848662,-99,0.123310941594954,0.0515448044008819,0.190941217210515,-99,0.0768060554888391,0.136960294157335,0.0829147170070643,0.0470587274188834,0.079796312731528,-99,0.00520430779700647,0.0276616554711554,0.221887651634222,0.192604820922139,0.105798168374119,0.00235720450599237,-99,0.303595764349784
0.00782953381558525,0.0229332150979026,0.269372708308108,-99,-99,0.0147148049584916,0.147610930932346,-99,0.0802632758488313,0.0791034347809818,-99,-99,-99,0.369528512084334,0.147119111641977,-99,-99,-99,0.124885844334669,0.168358106477748,-99,0.184569823515951,0.232123546016924,0.023930998833067,0.00244620008774044,0.187802880595479,0.0541764384663488,0.157099808299852,-99,0.20357087930335,0.493346653557604,0.129905099474895,0.225542847165774,0.25925214886624,0.251332218006966,0.12567206453412,0.177674967694867,0.0676370739423211,0.152281191028755,-99,0.0450925995882642,0.0689321284357848,0.0321207736766933,0.0952940261069598,-99,0.0317345200611118,0.0665944701478018,-99,0.112919939573107,0.311057929466232,0.225557314288678,0.061299832678688,0.258391000869093,0.0987458019824803,0.165829007768738,0.352229739911124,0.0598748957962566,-99,0.028491329792608,0.0207775434234299,-99,0.11369148303145,0.0744187395903789,0.137816315932056,0.00564478134006629,0.062362326309613,0.105137960470234,0.0837855025675411,0.0472527858865452,0.000393224628169754,0.444678533136632,-99,0.0986886721462174,0.305226751708704,-99,-99,0.00387453568640503,0.0251461250196259,0.109812489345387,0.127717603254902,0.140860908162742,0.0300868270346903,-99,0.395973081017442,0.209714505361225,-99,0,0.208146023128348,0.0513761030976312,0.0668101985972174,0.189096266574659,-99,-99,0.0857982558885802,0.0262638027892347,-99,0.127360603908064,0.000474735802593775,-99,0.2193255109846
0.0558729669014472,-99,0.0675016184985435,0.0164172214501594,0.256432571531041,0.0345842784753446,0.115459797064878,0.0373676289575468,0.0357705233672885,-99,0.0776578687690046,-99,0.00406466215967845,0.0567835913337128,0.195866526302808,0.153782650234929,0.0829429507794805,0.0299122565177923,0.120944020791503,0.123466681090132,0.034700210013847,0.0755931588419296,0.176884322514859,0.0786932439440858,0.0952016952739846,-99,0.252482595850972,0.17555198257664,0.0898179651521018,-99,0.352304654740912,-99,0.0945108359262907,0.0656684708789401,0.162043837479894,0.169438595803705,0.165788954581147,0.0575086687069641,0.185080240703946,0.0662135185378206,0.221330559968874,0.335172260323044,0.104109897129115,-99,0.33768558971624,-99,0.0468877744127736,0.0774972214740482,0.150697522879725,-99,0.0697403295836076,0.0758371977899724,0.00543452554474366,0.098561463461591,0.130610850440005,0.00431053146717622,0.0468230466449772,0.122619147450012,0.431073432668932,0.106253429062999,0.0354868454199984,0.0251008722698121,0.104001864860418,0.250289156914124,-99,0.178057572943347,0.216631110646753,0.0407157316811106,0.168581046494255,-99,0.215301008063634,-99,0.0795296029987653,0.0865197305740433,0.0357131222652889,0.134863029655708,0.228121885070486,-99,-99,0.10729293159276,0.1169641422153,0.0641536348187621,0.114708972536076,0.0199985623259369,0.24414540383456,-99,0.0881993645434394,0.0567953535384351,0.0252633061526462,0.0255777391101335,-99,0.0185462554443104,0.0743413264158115,0.0230567310727216,0.0377033968739819,-99,0.0377729251634707,0.0147709510216859,-99,0.272935520702954
0.0103754447758153,0.116704331049827,0.0730522299393212,0.449527521568479,0.498862832245039,0.00144624131128237,0.332575248957966,0.0343325189344071,0.069304017414954,0.58294638368559,0.144081310767993,0.0448202379139265,0.230788551931595,0.00079553526609415,0.176732581369803,0.158141024918584,0.159549228658584,0.106842250694473,-99,0.0144247754960284,0.0184510180512197,0.0627201195846313,0.027872411278067,-99,0.0149153833005874,0.096219065840009,-99,-99,-99,0.0792698845822823,0.0969995792817219,0.0158247476835708,0.0692234242192127,0.176055797345353,0.183158183827339,0.0456632117351875,0.194227770134032,0.0978385144608136,0.106990817102787,0.0672645542680165,0.506465349902366,0.0146554309925956,0.318914706489524,-99,0.0575846130631097,-99,0.0238418543745048,0.00326104462388683,0.191544995549923,0.565217392973858,-99,-99,0.157808252531103,0.0304992768185245,0.0786123462407053,0.50314785137576,0.0142737681981626,0.136012923085396,0.187531286638139,0.00531916040792046,0.131141634717578,0.0343891242206294,0.00285144807174827,0.161465592141712,0.121352090477558,0.048395698328582,0.079200953683859,0.338699836919704,0.24789071505308,4.81618310147599e-05,0.0771817344665996,0.115401780652138,0.0437193098584499,0.0649190412704894,0.206511989250886,0.108054190468833,0.100124750754293,0.00318037529286401,0.207534087993099,0.027698663199822,0.0565632220585862,-99,0.238785383800993,0.174788169516862,0.00589475757062877,0.0158674775667885,-99,0.00957398271420879,0.0899660668292476,0.0157175725996382,0.0332280358455692,0.0328242624683199,0.132272599574137,0.0353029606412644,0.270423457067164,0.332360106277577,0.132006444022601,-99,0.370847325466295,0.0154834842281619
-99,0.0127876223156993,0.0145998396059314,-99,-99,0.300581123369662,0.167417274350848,0.11591440841912,0.199971405914537,0.309666386175233,0.251614851492368,0.0200401644521838,0.0209955133340272,0.181013599469083,0.641253707674315,-99,0.181783031300477,0.202088831605696,0.0576079010898185,0.0207448796955857,-99,0.00925145715468232,0.265095269855807,0.0167719052397201,0.151644441068715,0.0667948975048263,0.746577667159729,0.0122897950568032,0.136142271608155,0.388227095721624,0.217921268154902,0.00208704611109486,0.195451864807536,0.150080293034855,-99,-99,0.19578613872673,0.182752235862053,-99,0.529331226081706,0.0973635689070136,0.0274968239879936,-99,0.0384576613326334,0.0869059128018648,0.0231115611379199,0.00302955459122293,0.125652959460532,0.0674309841680376,0.211351640113215,0.202149970265395,0.183574478193124,0.354239152357045,0.0631139789139357,0.155518647314394,0.203186368785576,0.0514577931521128,0.183955721312884,-99,-99,0.173664193074004,0.220234301848738,0.161677384125307,0.0100643269993768,0.21614157132185,0.200682774826778,0.0090484274019795,0.0124473372643129,0.0779400278043881,0.0732048671619119,-99,0.0514812750795292,0.0138468229761521,0.137260931638425,0.213946647458775,0.0275701285205797,0.159096580769372,0.189988445142168,0.0219665970608203,0.0654032513984583,0.0510751399851763,-99,0.00375775181282304,0.022469634034937,0.265492807209307,0.0824284151515391,0.0445560755995718,0.401124107200832,0.255352159538634,0.264221602520037,0.141549782284528,0.0560760719271024,0.0082617325608636,0.0660352944027374,0.112200960787173,0.0275849162597044,-99,0.211312801135261,0.00653636410188295,-99
0.216175412624908,0.0324781737718182,0.0628859981480085,0.025565062979669,-99,0.0176182492708965,0.0175603726369011,0.348860635472776,0.0119540753355044,0.115569893296673,0.00760309691138363,0.0924920270523761,0.152151939872203,-99,-99,0.257387080467911,0.132044839277799,0.343603969106933,0.246982093516307,0.341121536779999,0.122876445450817,-99,0.180867481533422,0.155649868780078,-99,-99,0.19005405681142,0.114633481486493,0.0633427181520326,0.113557775042362,-99,0.0269267600151814,0.420612232462683,0.0799964478201216,0.0457880463426067,0.408609639742379,0.103168597676372,0.17600288881081,-99,0.166783671732649,0.353289865294409,0.020203725725906,0.415286440431537,0.0990723909255881,-99,-99,-99,0.0187568840007244,0.0177031760091316,-99,0.174079386657093,0.0955629647890074,0.0424158086124202,-99,0.0326158066499886,0.611082687182632,0.0273522725859567,0.0214412134812985,0.0472119269276919,0.0693259573978683,-99,-99,0.0906327783607799,0.43949030868656,0.148250042885843,-99,0.0367987052086184,0.232566931755638,-99,0.0342058268103265,0.226619895474786,0.0270150472378634,0.0359509278522364,0.0331220445815673,0.0375436520345022,0.0168704116688997,0.0628920119130051,0.139463966827845,0.0481610839977095,0.184431867713883,0.097470604515413,0.060141544038484,0.054509400261283,-99,0.220914028732651,0.0233200161364529,0.153914145395233,0.0398324534968495,0.0436992454725889,0.221991470597388,-99,0.0536784699772183,0.15293738845912,0.0291386056844742,-99,0.0890372599396871,0.077551845719305,0.0173514472972015,0.184765801657597,0.0116232010469656
0.0361083865501859,0.0964144664802216,0.00576644118066609,0.000834045595959234,0.00630239877819908,-99,0.049578582716481,0.164477607459914,0.0379924527749347,0.0456878965944068,0.538432884799419,0.328224756982104,0.301882090769934,0.0597542618833238,0.00703293803593572,0.0200450786828059,0.15058235643696,0.0539771194659015,0.115146347222739,0.017134654548195,0.0182025985441164,0.275206564716902,0.021636276882917,0.131712641983442,0.083026221551276,0.250433867216955,-99,0.550893216395476,0.105536454921184,0.0502797011992721,-99,0.216847112301654,0.0412030251817715,0.037066801715366,-99,0.0472522514045845,0.28869766105649,-99,0.135286824648268,0.165431662064958,0.0794155607288735,0.190246236421848,0.0505126109032171,-99,0.430568797636659,0.0846671878156335,0.0214401365969832,0.00913963313358275,-99,0.334088461345606,0.220792525593044,0.499413378800858,0.691880977850959,0.101897165979717,0.0641702527800114,0.118157514438431,-99,-99,0.00443353259879252,0.0232202943135277,-99,0.0355742026224394,0.0534820754025224,-99,0.080231990666689,0.294188845355575,0.112943856963376,0.507145638769325,0.0845200155952957,0.34552205458801,0.0139722573962892,0.123060477162807,-99,0.00962119886640703,0.119135974075696,0.0420224802854417,-99,0.0813086278437947,0.334319028424902,-99,0.12286417524162,-99,-99,0.0151174176063632,-99,0.0350017882580288,0.0270492864344484,0.125209412401294,0.200442343292708,0.00445000516697593,0.0627668111579958,0.0665757253133203,0.322862487483047,0.171283158620757,0.0804241019562665,0.218573549594747,0.262782529585929,0.272388208354585,0.0250360561135495,-99
-99,0.0149467125016127,0.00276197219256998,0.216919997181926,0.0517384203768337,0.235833324858557,0.0320111470101908,0,0.283640248472975,0.412546235651967,0.00770683588412126,0.0393997410874392,0.0444430627162347,0.155075675610575,-99,0.225889988010893,-99,0.189729134955824,0.0428073371467704,0.114909669400978,0.0874841569258092,0.195410391599284,0.0149262312413371,-99,0.0305023598275469,0.307809058793553,0.0498313804245755,-99,0.0687801718718026,0.0684172453984518,0.0343300975937557,0.0674785284379494,-99,-99,0.0372085774072933,0.130182399037937,0.0340133195423147,0.0595030532809267,-99,0.0710750419719198,0.306587251647597,0.153475894890715,0.0683105236546259,0.289500594102509,0.256888462084492,0.00165255394901601,-99,-99,0.0604018784634206,0.142917847147184,0.186757701916887,-99,0.0672151578709455,0.10820591508417,0.0772823996660809,0.101268258834285,0.094827548309398,0.0120426120720285,0.127549271186622,0.0474962859924783,0.0967133658233308,-99,0.0158063945613627,0.170003676784674,0.149068605722401,0.0803262730614122,0.0783817276850226,0.149625744167709,0.0718834236345456,0.136572182165487,-99,0.00643893163050073,0.0890944654692969,-99,0.140220716958259,0.187263710540339,0.0780875573858482,0.0271429655858546,0.0291912376222107,0.0166503842349522,0.0706471864721216,0.0218665795223581,0.131475292252947,-99,0.236435152532779,0.108721346372616,0.0607790419978589,0.00502621491474467,-99,0.0666539780831072,0.154451109559387,-99,0.14387841504742,0.155210046382462,0.0140320037082981,0.0137190433411004,-99,0.116818976196564,0.0772324679426639,-99
-99,-99,0.0491884580360834,0.292191086061388,0.0735512328117118,0.0912195555954548,0.161755540528436,0.238911941447151,0.183970545297116,0.122080994122451,-99,0.0648014794249689,-99,0.0219093984450837,0.0692459849990233,0.110064702247797,0.0149389124302632,0.0225927134251855,0.0793261295200515,-99,0.208717411399648,0.135037585154946,0.282243887772462,0.109429399623691,0.367874603377851,0.471493685521889,-99,0.0093142170464383,0.123049129049405,0.0666762900797347,0.0919368865928117,0.0998793333521063,-99,-99,0.139920958693665,-99,0.17336700047221,0.140597856396163,0.107018198970538,0.143687607143985,0.00569854557098396,0.0269893617422505,-99,0.0717669792252067,0.0898252265726493,0.0162078231086988,-99,0.0155169925762496,0.104498680123137,0.0609567018274593,0.0452770200667754,0.0379245567926089,0.060209729824501,0.238088037783539,-99,0.0914066839854793,0.313786073140364,0.123152580399673,0.0584646538113316,0.0569989643063024,0.347221482037621,0.0713115437687223,0.0178826073394566,0.00352070807478796,-99,0.0264169016055738,-99,-99,0.285739624711495,0.260918322562166,-99,0.453439805827961,0.180817833982727,0.356925529014203,0.201873783752487,0.0161145301537344,0.181945231349542,0.0966705812416301,-99,0.0971653072584492,0.396956097527927,-99,0.071709452433051,-99,0.0349561121350924,0.125160468745962,0.0590091221744426,0.340818998773696,0.198880617356266,0.366662873119052,0.385778333938319,0.00286255341432668,0.0554724377010683,0.122497291182545,0.018154402950613,0.429149555383292,0.0263999796108184,0.00806679972892695,0.0156839794058363,0.0293126593751694
0.0531976367862975,0.376427598356419,-99,0.0109531780708629,0.458939974129366,0.0417419927071605,-99,0.166511120513521,-99,0.467183300265594,0.0393551612324818,0.176227829485415,-99,0.113581999174068,0.00676133733609127,0.0354106625178475,0.0163520381327012,0.422424604826659,-99,0.0175541718720681,-99,-99,0.00278621101428974,0.160414663774426,0.0230153943164563,0.110865481683869,-99,0.0218220572205349,0.120311053665599,0.118818624341089,0.208126132744974,-99,0.0293487132036857,0.0679755503580324,-99,-99,0.127581954816927,0.249324790109232,0.105984742928215,0.235365730852313,0.182147530093714,0.0309486744423392,0.103048886377266,0.215805775894636,0.439597459196742,0.216208987819652,0.101395083515688,-99,0.0739820865050541,0.842689863911133,-99,0.011867641743974,-99,-99,0.045157480602368,0.10858799459752,0.260664239769238,0.453156424508135,0.038390435279842,0.425234010654424,0.152280380742099,0.322682540748133,0.0447624421365971,-99,-99,0.00959413393667967,0.0697498930029973,0.106826686497127,0.0395149553375094,0.0470584935549282,0.14220495555677,-99,0.0191135565516194,0.135915284938998,0.282181829684484,-99,0.202458551533333,0.0476789471635289,0.0218468125725542,0.0833893714819154,0.205807236016282,0.0103334061481797,0.0231944933228066,0.0806952007957491,0.0869303752962527,0.164385598099839,0.129306988062054,0.0319105012759768,0.0362419813947223,0.0423524714521591,0.221429410096687,0.0112068207953298,-99,0.0354063424713064,0.122546839046006,0.543089202936592,-99,0.0292888186909286,0.00357524708441624,0.0672374373895745
0.178985863135253,0.0558943847890963,0.0325261027040074,0.0739772681626746,0.0492203408161431,-99,0.119475622767197,0.0280610442238107,0.0257743218271537,0.0882599874480531,0.0520460296666962,0.265104113384543,0.0125166907200435,0.436335065487392,-99,0.389064487740455,0.112291609293716,0.0908526642587028,0.162567090840611,-99,0.191473215326793,-99,0.3362381273623,0.0959337570254981,-99,0.166846585001866,0.094096267832449,0.222488850759193,0.169878940311751,0.0731236222339619,-99,0.169169825211775,-99,0.0564638690344846,0.00517318136644529,0.0265006437598071,0.010702473655319,0.111284981979424,0.261409183422524,0.295194551567469,0.0318445538067914,-99,0.0265531665557175,0.0151166978046472,0.107158116227083,0.0353858490423162,0.0246929328739215,0.0269791671754943,0.177115707773239,0.276320849873228,0.0236981273846385,0.00792557425147039,-99,0.136392338660833,0.0499344335346631,0.237054506973483,0.0750398301172711,0.0919735984451151,0.0123185508949896,0.0415490679748391,0.0142311135530457,0.0507711202455515,0.0354249447724565,0.186783715647724,0.0887937884817664,0.403174316538239,0.244151433554309,-99,0.0754097304213627,0.0757632977706775,0.184962972502328,0.0766679073319286,0.0422179380974725,0.152582868334114,0.0661365721075734,0.00937898651233222,0.0190672710205801,0.00587601030002493,-99,0.275404253434707,0.0703854112600818,0.105728884442537,0.00783216105974454,0.114325558593642,-99,-99,0.572533615473365,0.105859878130187,0.0332895804773229,-99,0.0665516708810863,0.0804826739941438,0.0655205015749367,0.0157831542698466,0.0149054461769552,0.00515499478196212,0.043074054849994,0.0831206261300881,0.112221113950398,0.0938002667115914
0.0900191169912673,0.192744524189884,0.0500479073547758,0.0126685631901544,0.0708267817952109,-99,0.179081358415668,0.0328269088981127,0.122199293722699,0.291914445553015,0.377637613457686,0.119682163584105,-99,-99,-99,-99,0.0196026890349785,0.08562910063152,0.123784843498698,0.0707000238327747,0.147989320647104,0.140196079806754,0.0676106509094259,0.0501348705457039,0.0521727116603727,0.21591306372144,0.301034566734811,0.0377636626017797,0.239131450560537,0.126490862033069,0.0277487091070512,0.14109259245432,-99,-99,0.468403779728414,0.00636157114821,-99,-99,0.133162481870414,0.064684318614354,0.584723246316717,0.124022832735451,0.0758687924960238,0.174939481369269,-99,0.0414560229176778,0.00307153355609161,0.168002711586978,0.190049383752447,0.136484548155333,0.319786043517832,-99,-99,-99,-99,0.141734449083581,0.0846007546658607,-99,0.359713403781567,0.0777289886023177,0.041138894186548,0.112323998587011,-99,0.0357595974238534,0.00696042383145569,0.0240790722382162,0.0112284636712771,0.137911610020793,0.230348341635613,0.568703301115394,-99,0.11636998410204,0.0775073794571646,0.263422429939996,0.0415626904449955,0.0129980568740458,0.13528978782233,0.0282242878941441,0.00630153909380035,0.0761047544015219,0.0348103137600501,0.0185778676141278,0.138673596286866,-99,-99,0.0417311669609361,0.032695548736189,0.0222139184317727,0.0851354632334072,0.0391888262196277,0.172100858478443,0.00893789448689272,0.28779688661811,0.0376600033614671,0.253689504038436,0.0857208799498064,0.205001624217756,0.0394043454331584,0.118719652086184,0.0416571247008488
0.30771942927494,0.151800653845887,0.0903761022979671,0.0287059005437075,0.0192012023627407,-99,0.0491008730263366,0.0586614460212347,0.0873277285387817,0.365746241380928,-99,-99,0.294254651778175,-99,0.0574742954487816,0.105579904139448,0.0460081102005693,0.16656055233835,0.0313698314573706,-99,0.610912640907338,0.0143917070727497,-99,0.0208734191572741,0.484573300610388,-99,0.0483279875581025,-99,0.0373422714592452,-99,0.0498864877022211,0.0214258063321517,-99,0.321048493073568,0,0.0976344741996697,0.181025106245719,-99,0.136901636178359,0.0355442909953825,0.136048079171156,-99,0.100167807876591,0.114841098369004,0.447301650489791,-99,0.137890146657238,0.201688122776661,0.0323932744278753,-99,0.363105093107217,0.013296814237871,0.0199981685687872,-99,0.0251533269322465,0.211580549354499,0.0663493555256265,-99,0.0175316255458206,0.157973344494652,0.103346790057252,-99,0.116811694603216,0.036947198049164,0.0533475265613189,0.0756204657134847,-99,0.172209726660482,-99,0.175240835203311,-99,0.0275339736220446,0.410612238382618,-99,-99,0.293317337183377,0.060077088141985,0.00991029059525695,0.117415253864411,0.162952090269995,0.162412950104076,0.0948025483656004,0.0260296120621445,0.0131402847691153,0.112654428859784,0.0858430502784679,0.112310570737163,0.0123280150224607,-99,0.04913439186239,0.0158682093927813,0.16004115970784,-99,0.127219412742555,0.425339159176795,0.0968071798127666,0.0661337639183278,0.10983628246999,0.0755156868530421,0.190429033870296
0.157074494952674,0.205384119714993,0.0267038013436126,0.0438996387517731,0.299279635619273,0.0378238663548657,-99,0.0108418605499238,-99,-99,0.0958036236028752,-99,0.0990527207491757,0.00759696216083535,0.224904315190039,0.0122514462665856,0.235474107388113,0.00335671515751084,0.0760677992912489,0.103846521883801,0.370496955680271,0.532925771187463,-99,0.0621796261078117,0.105827434955058,0.190942340855766,0.0958034357804228,0.055231371296451,0.0277176479165001,0.189691826886065,0.139343844956337,0.0323440685130899,0.069927190949335,-99,-99,0.0100298021540632,0.288110039300219,0.0695678388389191,0.224816847713769,-99,0.170816149076404,0.186031592158774,0.155138072382623,0.0485382377399303,0.054615775667234,0.0111394713585748,0.284039304415168,0.169009523440171,0.0681021571408224,0.116672222867718,0.0264517946896049,0.0151467153326681,-99,0.163205837166547,0.0142730432579648,-99,0.0367817029341835,0.0434642497367708,0.0682329871948068,0.0156140845132441,-99,0.01905128635124,0.440803219611371,-99,0.00190664339828541,0.152647444596124,0.0714379165707332,0.0514673128163589,0.0198557271754671,0.159384268425591,0.0210380516400104,0.0728354789441825,0.0827330598375034,0.190387141114419,-99,0.361422193360231,-99,-99,0.0715842975919087,0.115513674627249,0.00428411772288276,0.436058957268102,-99,0.0595635403774372,0.0188752330257031,0.0738113705703391,0.036846184775817,-99,-99,0.0302347306263711,0.147966581337437,-99,0.110418451213424,-99,0.017480099110237,0.0815611599883618,0.190401604895943,0.0514856798469242,0.26554079251026,-99
-99,0.0346970332630167,-99,0.113790686306697,0.0883924331662896,0.0512419219825386,0.243552846576977,0.197751948603573,0.151893483860116,-99,0.0196619458817456,-99,-99,0.302649060543993,-99,0.0362943290565488,0.0766138224809985,0.240912291164759,0.085586095633471,0.242818404443334,-99,0.0113947855159861,-99,-99,0.0869543126991665,0.218209644697033,0.0218186361315836,0.0696830115422298,0.0193601638910926,0.0353189517614732,0.0168013646362864,0.105144685837897,-99,0.0155090191572574,0.0928365522946006,-99,0.0679197473474689,0.365330828567721,0.00926888081854478,-99,-99,0.0104045136691311,0.135943392148843,0.211420658065265,0.079469911759532,0.0437653483647258,0.373383614722957,0.0116816812243501,0.102284592793365,0.378802505000367,0.0834725597503164,0.0164695632315355,-99,0.0658969349865528,0.172152747321599,0.10829068565993,0.0840981224080465,0.285728159306085,0.182480930740148,-99,0.463521981355222,0.318481875218762,0.021818879445509,0.0670498354165553,0.25814042404026,0.075257343413978,0.0367805069455102,-99,0.0887941565566846,0.283348618250732,0.257174457006809,0.280343295365036,0.186560977364475,-99,0.241671762681474,0.0952354190565344,0.0188304807255171,0.0539934831925476,0.106115429028049,0.0795132437829773,0.187034591071123,-99,0.0248978202127501,0.150768412263008,0.205342754652505,0.191455352194315,-99,-99,0.0327074102332261,-99,0.352428415256856,0.453886866750636,0.0251895428563041,0.0383529856964953,0.0535362953337392,-99,0.173762809839703,0.000441854400993234,0.207357490916445,0.472555102001505
0.261478207020022,0.0803212557259359,0.0227976065215421,0.598280379448575,-99,0.0248841876031463,0.0386694037381032,0.0154672636588086,0.0322051566974718,0.346943738252746,0.0131217947557949,0.135055876249358,0.0266560081041989,0.106775458094096,0.599630433645464,0.270156666989585,-99,-99,0.0659885861591171,-99,0.060552537645429,0.422951198596968,0.172995906457976,0.086745678379818,0.0548688148083394,0.0624431514210281,0.00737416153921417,0.00186793933254904,0.0624701071905186,0.0473620132422888,-99,0.275456129241049,0.100092480449617,-99,0.330200787613116,0.0557097234891633,0.0728465462781727,0.346813142758522,-99,0.0354567223901396,0.0301579995626588,0.308552539067986,0.152431797653572,0.111727417496322,0.102180198807133,0.161328892891122,0.0353293416093414,0.0460385385585328,0.0465518589527187,-99,0.18871850548905,0.0301305692014422,-99,-99,0.0554197927286319,0.447377571546926,0.0777058394630066,0.112142211401555,-99,0.0103175896340444,-99,0.0250786468440743,0.273285568683149,0.0518381412653719,0.120907669134324,0.0892700835028942,0.379819381481765,0.243015929443467,0.0144566518479971,-99,0.0792086384352584,-99,0.0381975125557927,0.118579736216655,0.0269584509401897,0.0819107560742333,-99,0.0363787443523423,0.26996418019169,0.125261784151994,0.12079070033946,0.276135287953803,0.369038094685097,0.0179780614624645,0.136554255042423,0.0257184294967517,-99,-99,-99,-99,-99,-99,0.105176745362233,0.0493098128742648,0.0502746869094045,0.0119410803234121,0.0297486240544383,0.0409703453097036,0.147588990298521,0.0410325753570692
-99,-99,-99,-99,0.105042849989741,-99,-99,0.167255333645493,0.0744918957540377,0.540478575711011,0.0424165992588373,0.032925154449605,0.135971022059105,-99,0.127432408994177,0.0182966761079637,-99,0.0883396949670272,0.0693485742373076,0.134396392628555,0.0435000610051574,0.0489798804952044,0.328628405173773,-99,0.108232084014885,0.025384649332693,0.480083993138434,0.318972148351255,0.0226459414725317,0.103872941614077,0.0152409488012132,-99,0.0581829733498051,0.160986663261381,0.0626339489330307,-99,0.0223788596728381,0.0678706308940232,0.00350023576418882,0.253083307055235,0.00515177459166664,-99,0.0263629336740943,0.10263115116158,-99,0.300323495803745,0.147016087659975,0.00766083226593542,0.165955245485831,0.0090248684794109,0.0895204909937549,0.213413890821257,-99,0.0949964308831898,0.000367778056471603,0.406868841455336,0.0473963104477552,0.094090406194215,0.0830803709313874,0.0404316832408678,0.233330795576398,-99,0.0210740196929094,-99,0.078597403689297,0.112497414367676,-99,0.0843157808171186,0.0541676880774702,0.0282391419119799,0.055100097643677,-99,0.100197304255884,0.0848417810667295,-99,-99,0.000969843886314188,0.109174455620626,0.297211061188881,0.119758882292929,0.0253049109355602,0.0521643485396846,0.022065095236357,0.0242876385730047,0.017504109142131,0.139480494297254,0.291699742257401,-99,0.232696515715049,0.0634155761795763,-99,0.223934470073803,0.0732841992928401,0.020043127089628,0.124514306460178,0.0357925626766762,-99,0.110802566599649,0.0500333033178982,0.080537180139582
0.137599035813426,0.0281321599167643,-99,0.0510076060555379,0.396266632934466,0.120052197091042,0.0836200433500885,0.0625244858226146,0.0895720429708403,-99,0.316839290562463,0.000778733400294956,0.139693874084897,0.0910932448873284,-99,-99,0.0489846165011161,0.182642301847136,0.0634086303383824,0.00196092549975881,-99,0.347026993052535,0.290058880572251,0.145100255116446,0.0329479989337281,0.0144739490562291,0.464167309527232,0.00743804272889509,-99,-99,0.321047320079025,0.249891827849117,-99,0.0776836957175492,-99,0.0863471198007542,0.327553574669229,0.0972257340529865,0.0832438060756893,-99,0.540569719608211,0.149462537489819,-99,0.0528186633559917,0.0245346406714708,0.106762603123786,0.0517084922458554,0.272020623893725,-99,0.0347409047948267,-99,-99,0.188093700430087,0.112251264702972,0.639790866653487,0.00930231389568624,0.228649982694729,0.0478154123294809,0.292872487825545,0.188953337138466,-99,0.105144507676314,-99,0.0554276414447987,-99,0.0985023330866559,0.0242681500820515,0.109656620194821,0.226752387979846,0.325561542313487,0.146854242700384,0.0130978456290621,0.00918430346386783,0.263461447195083,0.152476599188795,0.490364156012323,0.0942721061212956,0.116028869459089,0.00984521061415355,0.242714514385214,0.104736775864712,-99,0.127773241747922,0.0351541351835863,0.565323385798988,-99,0.405200322419206,0.12379821003794,-99,0.163325837623488,0.18975330855602,0.120826936226325,0.0284049376070799,0.155185068132192,0.125118732623486,0.0485780892063782,0.12612703504334,0.0757203686545072,0.079281411533689,0.48663541719335
0.192649905205213,0.00393265775708218,0.133116937612594,-99,0.138661373667438,-99,0.284220741065148,0.153542982164102,0.212009047544098,0.165188858391026,0.0784874359851502,-99,0.255097207820678,0.0216688151623226,0.316389733019343,0.0125017869582182,0.168113662715741,0.358173220267159,0.064477856567068,0.0461232157833386,0.124210976755677,0.036253287829394,0.184940851858817,0.141358574520537,-99,0.313271848860505,0.0827164380659616,-99,0.261305001230286,0.217270259325767,0.07557084899178,0.0890795689744103,0.0243485530832984,0.0695026988196645,0.101349698993055,0.155928270570679,0.0214555927484278,0.129959606804641,0.270643115096075,-99,0.0295212271420043,-99,0.289817958740714,0.204879534849466,0.142407120051143,0.0410787001733516,-99,0.143522383129398,0.0206444451562586,0.0939445831506545,-99,0.0320995892139908,0.0573166424310583,0.214013614768083,0.0347935810398471,0.272636012361193,0.124619388109279,0.100045081805417,0.171690373449533,0.0730298768954686,-99,0.227763276141634,0.258214855332878,0.148560361583273,0.0957052941204488,0,0.168679984827241,-99,-99,-99,0.0599159257989187,0.0154270840932772,-99,0.510448618702927,0.36263828535608,0.0446025305838217,0.625558794671802,0.0782724524023473,0.586432302334594,-99,0.0537336964877373,0.231850845638799,0.0784222316881416,-99,0.12191322272773,0.152394592231418,0.016720955326197,0.25404857759358,0.054248518545132,0.0889609326313564,0.251451556684636,-99,0.219901009378057,0.0966366035013733,0.0653967984777053,-99,0.271474421480975,0.0876941893168512,0.705277797475359,0.0976732827756871
-99,0.242479356188914,0.0207106191844236,0.406862231512576,0.106750307089976,-99,0.118063084676426,0.0326510088462621,0.0914345216133261,0.262838581145781,-99,0.186834412473434,0.130745897851157,0.235530359012476,0.00217249789068664,0.0467483106195156,0.0824047201949453,0.104463960374742,-99,0.0637413495221028,-99,0.183493093768058,0.257764046269251,0.120027243638809,0.0321045920826575,-99,-99,-99,0.284942777907981,0.34842196853541,0.00274658576681387,0.231776432091218,0.120378587288345,-99,0.141341489183921,0.0615590610940452,0.0426808764355131,0.0516465843019631,0.50076086265861,0.0673753815268166,0,0.0490758864576784,-99,0.541201174019993,0.126879757240045,0.0632266049333531,0.119519964599963,0.0854734789104846,0.101522996634702,0.077994249611656,0.00179626720670267,0.124656489102507,0.025065355952694,0.205364569533454,0.0747736517025871,0.0158122613868172,0.0495926987479743,-99,0.0190058120031824,0.0623010768769527,-99,0.060263032413766,0.00967289821528655,-99,0.0658809796186471,-99,0.23801707025232,0.14748398679733,-99,0.0917403951255211,0.135044045381395,0.154728275675621,0.0640014862696784,-99,0.20073035691701,0.249913361633227,0.0856015039407994,0.122569097031566,0.303362793045084,0.00849804928241262,0.0437521178389913,0.305876212856593,0.155122925997151,0.154490213062615,0.164662016396976,0.112786274935495,0.539032517914038,0.0640294430514595,-99,0.296479314193695,0.00274786258336187,0.0268631546068347,0.0268244162255797,0.0225789010147424,0.0225104627506448,0.0329840938472788,-99,0.285506540848307,0.140763909847373,0.0571148443379309
0.0911708017619897,0.0288500449367816,0.0962124359659978,0.0102721220404741,0.960212385265781,0.283028260281554,0.000280411200409836,0.111670662439567,0.237086936195591,0.228329351552706,-99,0.169524247580052,0.325757605821552,-99,-99,0.180226321060264,0.101260080125338,-99,0.00875052689075015,0.0580164819338937,-99,0.0296951262495885,0.10213236732309,0.0982045001849691,0.0542267468137012,0.384574265113021,0.36311224346781,0.205567281226111,0.249467094798685,0.0112360319990852,0.258667006260482,0.0360927336906715,0.267759579621415,-99,-99,0.0427233935853312,0.0457434501618067,0.0549370517958991,0.163820096037268,0.126990633143925,0.0326206964876175,0.558820217843783,0.240937318443418,0.122038993845355,0.292313324485811,0.20804656215898,-99,0.450421731812823,0.139648545770955,0.336953055610983,0.00196346847296157,0.150874444344705,-99,-99,0.0547089780924445,0.00487789279671785,0.183928869178468,-99,0.0189023041537268,0.0190924430934628,0.369957681875598,0.206819937062596,0.0342595443895793,0.0943531573205477,-99,0.0400945652683511,0.278522601770425,-99,0.0804114760704835,0.105669916273939,0.00859639765043502,-99,0.163746789545346,-99,0.0763258540114983,0.142025863774968,0.568462105927492,0.301728816339587,0.0322944046931955,0.0632588056473022,0.192694042595522,0.0258228894354356,-99,0.0914446012941681,0.271068433209846,0.230663968873909,-99,0.0600674437379564,0.232946868405105,0.250721057309117,0.345442941531285,0.0505727773096462,0.0344863868663033,0.111037541051425,0.0440635733896292,0.270812730877481,-99,-99,0.0518810001441513,-99
-99,0.0531797422442489,0.00446773242394658,0.0697613226077692,-99,0.0315085227219062,0.132857348361292,0.354125429425736,0.195849061851456,0.258776363712471,0.15430092739226,0.112701799726263,0.614714343860372,0.168760448368689,0.127226560236527,0.0668688023235075,0.0138570011036923,-99,0.196631965997445,0.215840356761969,-99,-99,-99,0.028792683999801,0.0251743893081186,0.241636446902041,0.189248372564889,0.446470992089188,-99,0.384126820298885,-99,-99,0.00483852312085942,0.110218262981835,0.342114986633141,0.034803626896735,0.143774929969224,0.0111912372433688,0.0714709380486295,-99,0.187913886575001,0.018597829059221,0.111351499839031,0.0397138624545641,0.0749252855597178,0.0669911857321168,0.00891709694430512,0.076447879531815,0.0492239589525958,0.00295705502447112,0.300416404755703,-99,0.21493814395551,0.0778941327147583,0.0580686208455627,0.196032130415157,0.545765849725785,0.0902533992287789,-99,0.0263895095233535,0.157545413227085,0.154236174445657,0.0851413184569937,-99,0.0188068338658403,0.158905534357937,0.0613936035962077,-99,0.0124037617637707,-99,0.00604311732416873,0.0296218253986112,-99,-99,-99,0.219096623915319,0.132133226027446,-99,0.02693491507428,5.70576486043945e-05,0.129659532648701,-99,0.00378490044543088,0.0681078502386239,0.187674601345806,-99,0.0293708698447858,0.406493254016736,0.0971210598445497,0.0807059931000734,0.045720387607993,0.461720337601846,0.0678086047796643,0.0786957649792738,0.106951459942101,0.195323076364267,0.0165102315420902,0.144677454280043,-99,0.0449751643588532
0.266336024972671,0.203984822849646,0.0583347337941732,0.0431468127221993,0.0778254275417678,-99,0.0695141749927993,0.124219484061312,0.308263523413284,0.0805420596594771,-99,0.0145772601757964,0.0772980780227141,0.0570508378899304,0.0347807931137348,-99,0.226519144392791,0.20276801100017,0.0311733293235508,-99,-99,-99,0.0267781387771307,0.039290247015739,0.00375045896700119,0.54139369401487,0.0772301592123583,-99,0.462918781166641,0.137184812117398,0.0253703443757644,-99,0.0586955803792093,0.0980287181694447,0.135106231250836,0.142767324618845,0.0471903431099557,0.0933013657876437,0.307915477425649,0.083212257536255,0.15738849360612,0.0187593246990434,-99,0.0404707370441402,0.17558064563771,0.245589534736588,0.302889145974273,0.093629379456455,-99,0.369217511497746,0.171729797426552,0.117648198735972,0.356427770124468,0.124188590425048,0.253450217773994,0.0486408109477503,0.265113134386054,0.0167040602728745,0.167280936855783,0.105985318537805,0.439117496965953,0.0587345663231679,0.129249200548223,0.0519262358790639,0.044537179665764,0.0221081285200685,0.160935622925062,0.293390229483162,0.140304332984833,-99,-99,0.0284423208947016,0.107534250685247,0.0350702320692884,0.0170736251657533,-99,0.112793804246753,0.0493767837576441,0.0609988091063585,0.0308223063559788,0.154326659565643,0.0413095080863105,-99,0.0480213813014844,0.2367578329871,0.227097604067585,-99,0.187066998414403,-99,0.414152139045533,0.0545519096892253,0.13348546152281,0.146139179301521,0.203136940215806,0.0439974672603529,-99,0.0193338740420203,0.0138680127335282,-99,0.0393283784026456
0.0182147465036438,0.115527801859231,0.209161896911675,0.161809183331549,-99,0.198294623590958,0.287773967333053,0.173426246155505,0.188657449192368,0.0239217217933127,-99,0.364214690843623,0.0152884077223851,0.043065098353852,0.307876153782767,0.0273329660049402,0.0286564614733246,0.0253262780469334,0.102348340706429,0.246973031272899,-99,-99,0.0205398201090586,0.0317601680509697,0.120085564771345,0.0535493194966433,-99,0.203844803702055,-99,0.210924404549591,0.428282916688165,0.00510321046549183,0.106271950041214,0.0993218100608798,0.14548413115117,-99,0.409051775342769,-99,0.065449924205525,0.0076358736824846,-99,-99,0.256001452475364,-99,0.117629751010671,0.261448400968843,-99,0.0922964182586734,0.0542908958342538,0.00316441638869631,0.179559540510127,0.12385714021158,0.193312463495294,0.00227467194253085,0.0632382859194333,0.458016906271332,0.0204889828784864,0.159855317020051,0.110109469117613,0.0640378760331508,0.075353368507449,0.0683441113420679,0.0249517849513358,0.286023216585351,0.0306737727209912,0.0707267025840933,-99,0.167543368181974,0.0717701993955074,0.0131163647567076,0.0382344828594005,-99,0.0601033588118291,-99,0.02271395352178,0.278093666396469,0.0934639073531362,0.046668337709202,0.193065197679784,-99,0.142133147545284,-99,0.299164800881004,0.0286842982675055,0.0441959436025604,0.189973558129616,-99,0.0646978437827232,0.356253293613791,0.0102715957165834,0.220001241210799,0.107009027962076,0.00399300500097844,0.080666128902213,0.0912925145584356,0.082041264901774,0.134606676708819,-99,-99,0.129442409600746
0.1410642130144,0.097818039930461,0.391073663355986,0.0226895974743899,0.0528411592628782,0.611430394413676,0.0644672197270314,0.172807216941041,0.254465522741351,0.126195744060415,0.034174482195088,0.220684922899035,0.0331651201076965,0.153419189519357,0.345335410338579,0.0512787996500542,0.13741340315301,0.376756834989162,0.106365079101847,0.104363763153467,-99,0.241520549126994,-99,0.0148879882928364,0.258137847460267,0.0585643106801069,-99,0.0371358095569183,0.177772166093872,0.0304530913343741,0.0137861763293896,0.0312293632589575,0.367848641766903,0.435578784729246,0.0333443488396009,0.488674216009435,0.194020228473686,0.0211572414268024,-99,0.072737606360678,-99,0.0711760919793576,0.0843257497009397,0.246380848110241,-99,0.0913491416309394,0.0508272443446034,0.191420858390341,0.0324935192388659,-99,0.0772468015088633,0.0911635936022197,0.281751435715595,0.0586445702976184,-99,-99,0.229924031905336,0.05014007715694,0.070916629314858,0.0241581583917184,0.0186478318263395,0.201048386448446,-99,4.58429523529924e-05,0.0460883424705996,-99,0.00860779708534375,0.00724645442504895,0.00497602594247723,0.0765338267588546,0.0275119564965739,0.014855711229874,0.355187353311673,-99,0.0182180596735707,0.276223237476801,-99,0.0636073371663349,0.211524031118204,0.246530518727413,0.00502205855661021,0.027008436176013,0.0569016641468751,0.0438969426654237,0.346911264632062,0.175435008952785,0.0534859382373458,0.0841640242207312,0.140768699714429,0.204664146683042,0.00184056107642617,-99,0.17300149895545,-99,0.25126722344289,-99,0.00277740887581788,-99,0.0248858111591654,0.11908828149754
0.0099918880822015,0.0488757631468778,0.0379422435889365,0.0340557748209434,-99,0.120329732317652,0.0855422326405076,0.383469006606824,0.0354275047712299,0.282236054000627,0.0795308006437994,0.393019498586469,0.156291496566111,0.0103696949990026,0.624165116763013,0.0378600027953469,0.390434986081193,-99,0.0592308159659031,0.145462128787366,-99,0.0427045210373852,0.0383235199214282,0.193345986614184,-99,0.0187278396071334,0.0837592973184111,-99,0.550119106684128,0.0314771014450129,-99,0.0834384723359873,0.0156713459520644,0.0492752694303726,0.0866960475463467,0.130509106171518,0.0228487465480111,0.117278050366926,0.161622833544037,-99,0.197285095772025,0.00641681273987241,0.020487664144507,-99,-99,0.1198927418714,0.0861262202452803,0.0781412157980257,0.0202825269346913,-99,0.319887702716143,0.0856028585881923,0.177871241172863,0.113483316599928,0.0606862476349238,0.120767259112697,0.0468152703806075,-99,-99,0.102642405602961,0.192356641894017,0.027880166491407,0.099912931104351,0.0565687733285248,0.119418053969683,0.261071520959782,0.149311006402356,0.134779740992976,0.180434004313664,0.156259171652396,-99,0.0587027610397613,0.0213701148304576,-99,0.0824086074790351,0.122181979625151,0.311507197153226,0.396375277978199,-99,0.0538448580034985,0.348950395211417,-99,0.0851280781315813,0.0576900637612112,0.00344863914666119,-99,0.47784613300874,0.0338055697531335,0.134935231582587,0.11064826271668,0.211952532119482,-99,0.00689618697222082,0.012822195449149,0.233463084314654,0.106750540258833,0.117602647243339,0.0347222079181022,0.0946956692491126,0.0126626800311565
0.0197536527993757,0.0882999099367402,0.0136279937338805,0.0704054134749899,0.00818206018321548,0.0280154812284634,-99,0.0524035938123163,0.524771213953274,-99,0.114819799657805,0.0679041166205213,0.0278292992595127,0.37274849497224,0.308168604378486,-99,0.00855666038486433,-99,0.0626052092734325,0.00613728156338179,0.362060681365556,0.0988297325253494,0.182867460892892,0.0465922661672199,0.0411371180471646,0.113907697250178,-99,0.189762263180164,0.445263352280419,0.198935515375988,0.42261095352309,0.00213675570352793,0.155391327750688,0.0988194368011076,-99,-99,0.385193611591277,0.00243270550149095,0.309868684298701,0.112803109041383,0.0645701825696092,0.0633335377427349,0.202970723166449,0.03210364564938,0.407460320550602,0.299148431731097,0.0864783141079915,0.512437486297834,0.00940484678810907,0.0255455738737606,0.355463665234586,0.217710841373477,0.049440268607009,0.151738963521141,0.00740853060591252,0.18235256334315,0.0837011963611642,-99,0.0982935728634892,0.126441634619066,0.124676964354207,0.0391127242017188,0.209048825524638,0.140057071761549,0.0615588878317212,-99,0.00506143973666497,0.0519991262293041,0.0156657068167862,0.107018991145453,0.0240542104117851,0.00793938764903284,-99,-99,-99,0.267285177837766,0.138776163370325,0.0978335037132958,0.0392686051101323,0.351209424349278,0.0880431536924082,0.102556213340555,0.0274917485309053,0.0372327402991083,0.0826668929125293,0.05344091836834,-99,0.142487859928725,0.417475740865548,0.0550381829548432,0.176248665515836,0.170619774274786,0.0178010742013529,0.592032428752046,0.0178814371668591,-99,0.0260453592779654,0.245434333681045,0.282718665949164,0.150582320411451
0.0784453506819268,-99,-99,-99,0.171195127264142,0.23371108457395,-99,0.168812160150597,0.355752476102726,0.00285395440703672,0.0774272471053542,0.0802227090090303,0.0606064143826948,0.100185001116749,-99,0.168321611827279,0.00785278209982949,0.336974428764592,0.0358150792880944,0.0918418113933814,-99,-99,-99,0.210948864875828,0.450443959668599,0.0728658781583301,0.182401681346421,0.18560306985333,0.0802879955826133,0.0726831059948319,0.136063303654495,0.0528677290258401,0.209716240381455,0.0139299874143398,0.34004689419782,0.0117345911599978,0.060765490565771,0.093696160727207,0.177368798930371,-99,0.111349659254032,0.137467607368199,-99,-99,-99,0.462351373336534,0.207166204254971,0.0648653621026575,0.108235983901235,0.0122951563776186,0.0509598045202896,-99,0.123200131414771,0.0010963475480503,0.0377170887235235,-99,0.186147226443162,0.257178683755961,0.0408226691903829,0.00817174439252974,0.074735601904564,0.475476657590583,0.0700276907878342,0.119503059962435,0.0490829176043973,0.146621770122622,0.072183919481921,0.000524463189365588,-99,0.266568987910218,0.166763326206646,0.202453636537776,0.0592014899332768,0.163145671236911,0.0953506034737088,0.039946486722601,0.18846240531149,0.208441789486126,-99,-99,0.0975958435892586,0.191633122842243,0.234964544890066,0.326939065663843,-99,0.0649728678022002,0.117844664185468,0.00396311585570022,0.0856724928792832,0.332489689885356,0.214781393350248,0.0732248459937596,0.264650957949369,0.0311356962270007,0.0345735070482679,0.137836482597476,-99,0.231856588481517,0.0658760732431849,-99
0.0442006553386272,-99,0.0403315184152643,-99,0.0116991918903939,0.107694523076105,0.139680247936349,0.0221711494510355,0.0183168391772384,0.138165723188853,-99,0.222985268492788,0.26363156399587,0.385771983118752,0.28129524767121,0.206835234497179,0.201814534431963,0.026608886211805,-99,0.019513734001095,0.181923401907087,0.00190193569831205,0.0719935876520481,-99,0.0209629748444885,0.101250595333901,-99,0.319017181883207,0.0480945583172964,0.166828788456806,0.202154686107671,0.0431212148054465,0.0969112021946045,-99,0.0735831230405289,-99,-99,0.154927608183857,0.0266217900517823,0.561420238332424,0.126821804205081,0.031881179689012,0.118860064288653,-99,0.1825801108585,0.250212214649312,0.00389184792439542,0.0378545342331666,-99,-99,0.0167862079315092,0.183904937831713,0.40756345549618,0.213846192159575,0.206571145118589,-99,0.10364073643724,0.171677294847037,0.0427394263250687,0.173090839924798,0.249977617446427,0.0815271453182496,0.110805558859595,0.0302049277877453,0.0784891372072623,0.849467090003904,0.067331829301881,0.0107489177405031,0.0247947884961786,0.0455785213011419,-99,0.241872163672493,0.00548218682780938,0.0177303907201029,0.276546258351141,-99,0.0352164649877465,0.0310795882114226,0.035854854991241,0.0692704868433151,-99,-99,0.14731996831255,0.396133781122549,0.296305662555224,0.0846664241066209,-99,-99,0.134908764131821,-99,0.0343329301323537,0.612533436574042,0.0158001652084706,-99,0.107731546792616,0.465394546752816,0.0678590455990248,0.222509127622737,0.140985903177492,-99
0.0770064482579777,0.169121789879301,0.0062827631227162,-99,0.0230504413976822,0.0637434608286395,0.214848541741878,0.0476010748341967,0.0519768335017168,0.196354581154451,0.0336426702186395,0.136031205954876,0.0193297392738971,0.0689562820075728,-99,0.0714302211260265,0.224895759849001,0.0429588671065618,0.00933083030813683,0.0296926791289759,0.0480213864599888,0.0740210055539347,0.021394256899347,0.0316117684190462,0.0455756085945799,-99,0.110070414837169,0.00501087369181697,0.0995330643503808,-99,0.104221939722575,0.208909399621452,0.160816003367703,0.18851135674463,0.238473234934115,-99,0.00704659932739981,0.0750662015342675,0.000934549203665875,0.0272281656060409,0.125774447383323,0.0970776268319097,0.0888228813688794,-99,0.214879650612601,0.100303554912161,0.33820886240809,0.0839298860076852,0.247588841113002,0.0313792102092882,0.0601137598483154,0.1949575647709,0.0388628259892271,0.150754776799611,0.0654740864193801,0.152289630137012,0.0635601072819183,0.17438172511115,0.182548804646639,0.0993896434410017,0.114469620760068,0.391795329149931,-99,0.269014534211147,0.0866883563633174,0.139507927013278,0.160478543916859,0.0835767370824502,0.364909604749764,-99,0.0242224153533601,0.135746743919696,0.188573993177978,-99,-99,0.0591280888039097,0.19502429069214,0.00918508574381716,0.0284764594955935,0.00596347370034883,0.188185586122574,0.370932258050709,0.437106071240574,0.118267685719076,0.130711757344633,0.233736600729804,0.0493771631297132,0.0126776586063985,0.0187366017927694,0.179724911415899,0.0843006964452746,-99,-99,0.097132824385806,0.0828571591625583,-99,0.0252210828158022,0.227158251940955,0.0892629801578793,-99
0.149330874064763,0.0477033505910541,-99,0.0172681089334596,-99,0.232368084715645,-99,0.0682291766479211,0.0298991022593428,0.634137721479942,-99,0.107686349437948,0.0547883374759698,0.226786684514842,0.064689980025296,0.44817443266189,0.32951772424164,0.0356431936334822,0.310466576885848,0.601522715504275,0.0715797314895804,0.055739327674778,-99,0.0324472303933346,-99,0.139097400834389,0.152815847886783,0.0341804661495017,0.328915522948692,0.0470816715312431,0.136820458633548,0.263616282701656,0.0726383035325507,0.433036983066057,0.260927334713564,-99,0.506059352042344,0.0734683131811341,0.472030598450394,0.0180141750152655,0.0957925443397029,0.127603724375296,0.0591524050507117,-99,0.0865974101429431,0.232431642116055,0.377443126037766,0.508661248020653,-99,0.19990977100887,0.0913105921846773,0.165204817523729,0.0911936709982491,0.0235073651148197,0.0822088238248386,0.205928063426423,0.0672894824271726,0.0198613724488493,0.0587841908147874,0.120660376934634,-99,0.506649307460107,-99,0.407819631796449,0.0627628060116948,0.480999199503979,0.321493677956999,0.157663599281421,0.255470775017737,0.32076557546903,0.0309629237098485,0.0918346274845878,0.00266749493347522,0.0824181865593688,0.0137465547357328,0.128874141086681,0.126932992710467,-99,0.0369512929883532,0.0394794899480734,0.0160068403508884,0.0723953336608108,0.0478793512404724,0.00310858093524001,-99,0.0163496508442587,0.00550926966759934,-99,0.052942260355867,0.178073871372529,0.000142040115707544,0.0246296341435968,0.105913440590626,0.0810078793981062,0.187430009851163,0.117337855924686,0.116554681664186,0.310456461050861,-99,-99
0.137420334766297,0.1048955328473,0.0484436492246006,0.315170307464497,0.0361747312065068,-99,0.0111505213804017,0.017276939333379,0.157097827375438,0.0553172069783946,0.063878941546941,-99,-99,0.220502020767418,0.144143305419602,0.113267725214034,0.0858193352668888,0.0603651748776956,0.0499903063991219,0.0600159229376536,-99,0.0914835913528642,0.196711980984292,0.200358329735145,0.0304480501153739,0.101985812644736,0.0379020604097987,0.0242911153645891,0.0230691179219718,0.241615004428514,0.00933453526150905,0.0890358761678026,0.112443737968031,0.206099086425063,-99,0.13073306213304,-99,-99,-99,0.00510375100945139,0.0125269933798889,0.0855156124731751,0.0267464521601104,0.149547723331791,0.0483107001941942,-99,0.0927464996793463,-99,-99,0.0260088421568587,0.136690455114836,0.0584055218764826,-99,0.227471597040185,0.0373260174223461,0.103303773723406,0.340487469403078,-99,0.094885264894425,0.114594181642835,0.00506031579404199,0.249910365133594,0.298595774839835,0.158801535236232,0.0194167587727675,0.362272146445407,0.0276514281156224,0.254484187038848,-99,0.348478279313451,0.00468330648344659,-99,0.0862332927672586,0.117202117240451,0.205808269715889,0.00434774931205735,0.0144488261997186,0.190650083797345,0.0371981569520158,0.276894319321021,0.0630444618349762,0.0213752921066308,0.0747560502995792,0.0547980234109764,0.0956496960019486,-99,-99,0.0842619751256854,0.0279147095304012,0.102245382386147,0.0134772404430489,0.0105816381818163,0.555824544844283,0.0846403072128264,0.0106802151582776,0.226785587977501,0.0513598123730468,-99,0.0101810132437652,0.135576264942626
0.233270527287062,0.0303498825194924,-99,0.0374053276855174,-99,0.114267052765107,0.335930851205717,0.188878514243899,0.49341473446759,0.180558714575486,-99,0.0880014583631783,0.144484617196218,0.207365593281589,0.115073137520927,0.157884944530562,0.259003435490697,0.11204371095145,0.00638983679326229,0.0564170830399341,0.0253324266079903,0.0264347013738041,0.106822252492094,0.115187923986751,0.312110866872306,-99,0.0393433141274238,-99,0.179677799781246,-99,0.0291413255589915,0.162537178897066,0.161918595871461,0.062684058354918,0.00963421758950356,-99,0.449642799191594,0.0147083987428823,0.292350683195827,0.0350720574624437,0.246326863622003,0.007237642449935,0.0154926222294116,0.0793510735992511,0.21728241040195,0.121106986949135,0.126445546608029,0.149099104675461,0.00787786067306055,-99,-99,0.17981304167262,0.190425795336564,0.0237847388260478,0.0742956799584191,-99,0.672393187479352,0.0946602519675907,0.00774778024179368,0.0231029864376207,0.00585983275070975,0.0911193889730128,0.0253350896410845,0.15669089157243,0.0923795578792202,0.234420009873698,0.13490791289401,0,0.634364896437845,0.00474549234619342,0.0153023076954504,-99,0.032313124314298,0.386181417730462,0.138328263426916,0.0361879077404675,0.0259560400164864,0.0468482386080142,0,0.00923085067325598,-99,0.110788774410859,-99,0.179060881468432,0.0951033536754382,-99,0.0418302650964731,0.0149958106272227,0.0763004468390574,0.166536293350018,0.0938267732981172,0.369380480679687,-99,0.0789446532921557,0.241330097011098,0.0537523043959082,0.171898012965258,0.146740512384529,0.329065609583348,-99
-99,-99,0.115457837304139,0.408948023001716,-99,0.820999998137459,-99,-99,0.186275215113393,0.39554439815329,0.0204497079744794,0.0928497511908849,-99,0.0429155978139355,0.11423823177156,0.357666493645557,0.0945979696694391,-99,0.00350986688255547,0.184584713886298,0.249018118643472,0.0316274760144034,0.0625504871545605,0.0351092598050749,0.296715272255023,0.588551759946256,-99,-99,0.0151202149881616,0.193733521389067,0.0340640560447034,-99,0.183852548080485,0.0150244542070887,0.0641083957308809,0.0758914986587192,0.0927740604984474,0.0144389874223889,0.25589851048251,0.0995078777409188,-99,0.0453969976783519,-99,-99,0.0394137330496217,0.00960936959842935,0.0437547436534317,0.350091465570625,0.571407287419899,0.1837949749419,0.100163242260091,0.169546335455142,0.24580397133735,0.276260524773626,0.257514668594748,0.0505005827453996,-99,0.0196868729272787,0.256286870635886,0.000558944168086842,-99,0.361361368056308,0.0515240140490362,0.0215008547612975,0.132133338735452,0.252317845222725,0.0816838573936602,0.129963271877637,0.0240318094427536,0.486926429365763,0.0813298364990348,-99,0.019982221145661,0.0528570710212684,0.0606446060146113,0.0666194680531522,0.128529202214696,0.013050072710898,0.243108916494292,-99,0.0283303527682869,0.173197973349422,0.0238183516667899,0.0361513967700969,-99,0.228117606053955,0.0421894193415393,-99,0.01719449964301,0.282882028751506,0.0220268173939228,-99,0.0540085512801928,0.0129716057029875,0.00247806049574391,0.123694443883874,0.0137069032995537,0.293785395560909,-99,0.122560329137986
0.368478248852579,0.0627181637275493,0.0474148582653313,0.106403571677386,0.0139792603450812,-99,0.00434740368384168,0.148253250730939,0.0278149676854839,0.0403906063548587,0.373993619284863,0.0303836035161095,-99,-99,0.0618167180625502,0.300399268565818,0.291041180379934,0.083635602377308,0.152157647294592,-99,0.112139261293441,0.0262701885193598,-99,-99,0.122927649631175,-99,0.0943438926561204,-99,0.00440769017087578,0.223458609155807,0.0956720881630657,0.120817710144728,0.139364153223645,0.014917745345212,-99,0.201370161532773,0.00116088736245856,0.0587717772807754,0.23002143924149,0.0308106881665072,-99,0.533120987943297,-99,0.0916502167546631,0.00290078345928241,-99,-99,0.128503352839339,0.00673234501060907,0.206628271365711,0.0448690517392345,0.0750037956791056,0.0244671619379236,0.111142484788153,0.613279482319588,0.0304013969636404,0.44012883013352,0.0833596300611237,0.16852533047225,0.0763573836130449,0.235896154222149,0.128518277078563,0.0376549389415633,0.0964306060431428,0.149516958348194,0.208773235722051,-99,0.202856278833219,0.296602985875708,0.0324313524032735,-99,0.0666328067929378,0.015208552788512,0.0149591800301844,0.165947263208536,0.461981454141308,0.163771936877918,0.0967299461702237,0.0512462802269985,0.346350500154622,-99,0.23593358885828,0.00019554843942015,0.0221538224742745,-99,0.0942784714991387,0.138400970457813,0.000802041559711889,0.0197633508727776,0.0559160920770008,-99,0.118117654242995,0.0599698291048104,-99,0.0394198075447806,0.0952277259561096,-99,0.0179034156873046,-99,0.0842433165091169
0.208780826374987,0.108064500471808,-99,0.106719611513109,0.47682990808807,0.0480503164792605,0.172701051186565,0.0725156581890048,0.0597109328188257,0.155896352904179,-99,0.142176245217335,0.0491536506751318,0.0305028221516062,0.0687948449139959,0.0346526244983299,0.0564040288515399,-99,0.160142575943576,0.0378369548679658,0.351157302857218,0.0708375529466835,0.52149994993297,0.458289963863514,0.00147522674894769,0.018230822466459,0.00719410962000182,0.100792200983292,0.236341502878731,0.0568905902786846,0.0106010290828675,0.333364951884487,0.187604926360689,0.111325917798981,-99,0.567014220322365,0.00997230293930694,0.0672158122526164,-99,0.0143549758549184,0.200468044856542,-99,0.311775579736862,0.4444251780913,-99,0.12515353724225,0.134580958762266,0.400889828605464,0.308790760562848,0.0685449755889946,0.104614347496262,0.133250624853234,0.0953061210160183,0.110181931741052,0.0122083816998622,0.0155417547417794,-99,0.111687000683174,0.145181592642653,0.0918447447148301,0.0125486134230276,0.207738491533443,0.0173017889408009,0.0199513508981123,0.197104657058474,0.172053861449522,-99,-99,0.0157963656868276,0.0795326442691947,-99,0.0524013246076338,0.14640182136864,0.130957657130717,0.0900450296022949,0.100581330566867,0.00437785999308906,0.0581983106446689,0.0352151287425898,0.00314175673002531,0.0846764087316094,0.240364721076991,0.0745398386444946,0.0447782945671112,-99,0.129104306948294,-99,0.00592992278761062,0.0106090467415698,0.346436947156445,0.000212115582487993,0.122639294026555,0.00663389253306986,0.0599784394284496,-99,-99,0.071196563348433,-99,0.143940936578651,0.0576209960028208
0.16956880306914,0.0543799941465551,0.101281078448241,0.144144750024117,0.0993066800374845,0.0694557289700385,0.0719249667433168,0.0509733616494089,-99,-99,0.0374549906944521,0.0347780887932497,0.327944186054912,0.0427008869579884,-99,0.104111332587044,-99,-99,0.138884294380617,0.012474808233483,0.0267040816320842,0.0266673694321413,-99,0.0474674525071035,0.07719784503079,-99,0.0422296166910637,0.0173972526093751,-99,0.0267844877884948,-99,-99,0.0376620307387551,0.425879574088504,-99,0.0227772940256795,-99,-99,0.107795563294944,0.0126825585401968,0.111485962049578,0.124952697693243,0.379913335562832,0.292875788697105,0.212032521808066,0.120666371856272,0.0328174210413417,0.122139979157001,0.233306073175049,0.112015742871084,-99,0.325327818845165,0.188432937320552,0.0900920096068314,0.165864316330276,0.0170838493496011,0.218054355375698,0.0322177802817291,0.0144505807114614,0.0807481105465541,0.0421105989334037,-99,0.0572499224639448,0.105660048983414,-99,-99,0.244753093564013,-99,0.0336563403817861,0.0664092906473379,-99,0.513801848124176,0.110591398660741,0.538816885076099,0.221240075762197,0.05490358777012,0.152634933673111,0.0704235861773114,-99,0.0111574190507155,0.0291605932518175,-99,-99,0.0462842428037708,0.0229727818830762,0.0657207292245744,0.0935299953846415,0.246688706581538,0.266581318177094,-99,0.272356037434866,0.302991251196546,0.0625059154206679,-99,0.373025687481441,0.329732782088047,0.0537818097752852,0.0205913263603455,-99,-99
-99,-99,0.15293558337314,0.00804116835900113,0.126205163502735,0.29047037369732,0.00441053994319986,0.0229263693494745,0.0489566474836295,0.191176393447154,0.014700872137054,0.45959210842542,-99,0.00122770648572894,0.0360494009012188,0.0114958567559151,0.231886800692171,-99,0.215976895659065,0.323931561917132,-99,0.412245306302864,0.479021970067774,0.0899446569697546,0.151171461378389,-99,0.429245843557421,0.137714994910631,0.00784174513361887,0.0853716930611175,-99,0,0.22999036163872,0.024131170841369,-99,0.0214777364708475,0.124202044803998,0.0499478918059219,0.00386470365908903,0.0731487928416589,-99,0.066393964799337,-99,-99,0.0218806900151584,0.173504399785374,0.0589567249031999,-99,0.154196952231917,-99,-99,-99,0.289486432052203,0.0599396276890929,0.0247003812884244,0.175453324219467,0.00303013276437484,0.00847264943087803,0.126765490945457,0.0520882131793467,0.0563480639890667,0.0122157227493083,0.386975678922772,0.0761738817221155,0.147242367297329,-99,0.0983208467159833,0.0533724915248637,0.390536232360229,0.154972611703646,0.128311554439835,0.0023368333350015,-99,0.140544659830125,0.220670897438513,0.0201319081208093,0,0.238662437200189,0.0851380549949247,0.0387924947027446,0.143075791121914,0.0593875304273038,0.204635511812201,0.451161882155386,-99,0.399384292847382,0.0444731642851305,0.0158367014138068,0.185195688489419,-99,0.118450113077923,0.0790707652039241,-99,0.0220751161502981,0.554954661091725,0.156514796225589,0.0121486416996937,0.129996783557832,0.253316900148373,-99
0.452351470824247,0.221461508134703,-99,0.026112519027322,0.197529304495864,0.0312172195256687,0.168512583455738,0.390913375095522,0.0363573802075398,0.338906912098122,0.122756804978192,0.0205915592401224,0.218810672385988,0.0943715896379941,0.0762738417125786,-99,0.0387838111480212,0.027811096709354,-99,0.103496562679502,0.00201419688978203,0.0134120077822977,0.0444690239221126,0.0169207961963469,-99,0.120395747179869,0.759601214881788,0.00832272645236415,0.288777683800203,0.146531220436406,0.216247437544267,0.03906862994578,-99,-99,0.134247051488105,0.0410399723016929,0.23691672418514,0.0630555767079414,0.177290629105391,-99,0.0359620962812041,-99,0.446496327394488,0.666154851770847,0.155505826145929,-99,0.0371463310160389,-99,0.680169266712754,0.055672430344895,0.0306676313729579,0.168596944732057,0.366345887867839,0.115008351112035,0.342433717105994,0.000583138512018239,0.264484442743314,0.443087048200624,0.0244581724489879,0.00570491123450593,0.133866721729364,-99,-99,0.196454398380457,0.243169665489349,0.0651523445839293,0.260533340885558,0.201994249798356,0.638160663723409,0.0495484744003631,-99,0.19146356301522,0.0152099190751974,0.0167092086597267,0.140419881473549,0.012062012329554,0.569190788543107,-99,0.356606559247393,0.209546299386892,0.0409252033788614,0.091832356487453,-99,0.416368607021435,0.125439050870152,0.190236873686892,0.263511756239009,0.191934280759062,0.0125616780660903,-99,-99,0.16929009645469,0,0.108032768061204,0.145127967788599,0.0652782982690741,0.0324745316051852,0.128564051842385,0.226914967792061,0.0171425826224794
0.0226112958763613,-99,0.0271165707511946,0.000650468278153023,0.012892365811249,0.0112698065101012,0.441990636775193,-99,0.108392769319766,0.142420008567324,0.0847462053355651,-99,0.0456148967082766,0.0635725581202859,-99,0.222019078486402,0.0593651529371063,-99,0.0430862043647865,0.0289031604615425,0.138825468970391,0.146558311145648,0.108743393635711,0.0764603358243461,0.0872477473037891,-99,-99,-99,-99,-99,0.124885643932302,0.140409642265794,0.122292272592251,0.177407598639198,0.19258641871054,0.125764878889066,0.165786897725958,0.150117219170333,0.133339414275928,-99,0.0655475151702888,0.0534146421980317,0.0865909521017353,0.0848102357423415,0.261866327500816,-99,0.0525496850112439,0.149165642213593,0.38124833166957,0.233449801049567,0.0164420759467281,0.143311632226466,0.0813025679893626,0.369209762717581,0.00459770553259555,-99,-99,0.237442376790423,0.0678976809239437,0.428235484629121,0.379879783746087,0.00844060475281082,0.179460703789965,0.123161908489026,0.0623858733581236,-99,0.0127683391814425,0.0358125452785986,0.138592987178214,-99,0.000934437692226458,0.175137572761363,0.0120001534103389,-99,0.0749402871341966,0.106300089382058,-99,0.148228931460485,-99,0.0345080512246182,-99,0.0218674963019629,0.0361967530506563,0.113756657356403,0.103815224257255,0.0242390951733673,0.102647372735685,0.00260649781641601,0.00269555186126801,0.214595507032707,0.478143094609016,0.0659565965165917,0.0114319009262145,-99,0.0894025148734755,0.0106370875359604,0.037304864127469,0.492519382327923,0.0915053100804303,0.0345100000209219
-99,-99,0.476107617821242,0.0310281325955836,0.129128277655945,-99,-99,0.120759918778928,0.207760805043432,0.0232271471772828,0.0753871636064193,0.160776757774772,-99,0.464226533223836,0.243464098118347,0.43293701921823,0.253747124083755,0.0120299031408324,0.153686564500834,0.0223475489576002,0.0553082754679725,0.0956634869120845,0.125468511746336,-99,0.192844958643068,0.047635106758701,0.184182863445513,0.155859854257961,0.22918924316057,-99,0.0741316989657657,0.111783867518112,0.144924362101671,0.0805098626267843,0.430420836749366,-99,-99,0.017244306218689,-99,0.00215052214261263,0.219579597517443,0.0713876305945172,0.481280236364459,0.00148698142303908,0.0811910120349243,0.202882546541333,0.156403110175765,0.138282637302084,0.435729751521471,0.00413242712823859,0.0219589945396362,0.0893356638190423,-99,0.0394368178423025,0.0127952553776352,0.37216639043053,0.0445125102678681,0.0552489532977828,0.0715959596642498,0.124272644633907,-99,0.0358510069226574,-99,0.0853592925815276,0.0443976382333339,0.203673459187649,0.0928468758351925,0.157297425676115,0.50129203153537,-99,0.117991273641637,0.117765174260143,0.0718997458981123,0.400239344558075,0.0512621379090697,-99,0.129393247801329,0.031159324035873,0.1960770008583,0.227202912284106,0.00775686501098424,0.00479137116984246,0.161536678162012,0.0030735793796798,0.118125220901349,-99,0.00739172502446084,0.189752950871956,0.0050300069993513,0.271142161744408,0.108698439595555,0.045466314448917,0.288548392497979,0.112513774879652,0.354706140245268,0.219304986425863,0.0446603545311256,0.00543488572846781,0.107764923774839,0.00351160145915109
-99,0.0348214968743973,0.184862169446316,0.916671280789558,0.348266494199872,0.2536739689772,-99,0.0325429274228396,-99,0.0316502779737603,0.161941336591368,0.0633682349891139,0.135012929598892,0.479798934215737,0.0397689591123653,0.206894726726409,0.0690400143200547,0.0957631885987957,0.129512503264145,0.0785801770205934,0.562277714339071,-99,0.110958854943698,-99,0.0511625242502163,0.0167379992740496,0.465905875234966,-99,-99,-99,0.163172239722221,0.276574779925866,0.189014897041565,0.0625140685054298,0.106276378078023,0.0692552591906321,0.133256168707624,0.158195456692169,0.559161420817517,0.404782310406418,0.635691076589553,0.365885716742716,0.197168505197193,0.135170746348458,0.092888906263552,-99,0.122726591744895,-99,0.0951278876491294,-99,-99,0.0849683509617697,0.0898549957670101,0.152780326976406,0.250628283358263,-99,0.023199284944459,-99,0.146637945278934,0.280360052394065,0.107055922789142,0.127647714485589,0.118533138714207,0.11851670428349,0.0132857136010791,0.120868515874193,-99,-99,0.0756253867607215,0.311904668900744,0.0603712503657312,0.123460838757131,0.0343498100277915,-99,0.0596271788648626,0.352946028271411,-99,0.0666814395614949,-99,-99,0.264786052874112,0.0367805871959416,0.217512099063775,0.0369100116331048,0.0752199057040793,0.0104372223784321,0.219901443393977,0.0555271379716945,-99,0.0815100013272569,-99,-99,0.250986636108208,0.218878759071487,-99,0.909807679238652,0.0235724861497158,-99,0.0907282946393192,0.104984431882747
0.0353490645164214,0.124890392038796,0.0403474333546855,-99,0.000718808958733726,0.468285123470969,0.306638729338495,0.0889239065398815,0.00873027043458333,0.0158274101776765,0.0494438740294838,-99,0.413256677065111,0.0869935280029273,-99,0.114431192456029,0.116233591730425,0.0759669826516755,0.298101145860669,0.301258080583447,-99,0.0202075819211477,0.123718170414994,0.265316235671453,0.265339756483572,0.257451995240526,0.0423183210920028,0.0894451712850257,0.000702130732245495,0.197587139054447,0.09608197967716,0.00704807767602447,-99,0.23751161815169,0.0010682960136306,0.0335953782605055,0.0349240591236093,-99,0.23497001103071,-99,0.260295526654397,-99,0.00908590963582929,0.215555561469001,0.054642117161669,0.0603855423399398,0.0290026200649599,0.0119092194451321,0.0108587150483383,-99,0.316150582975045,0.0516284262287428,0.264918133204931,-99,0.289720400933254,0.304509049218145,0.0246931723449106,0.277601158306196,0.230704062818593,-99,-99,0.04802106915181,0.106211870046998,0.00418576229809201,0.0545298825265596,0.0648549154057317,0.183012709106056,-99,-99,0.117359188437039,0.276485471114005,0.212194316544123,0.40392649127481,0.220239010521436,0.0421761193886119,0.0125882427707627,0.160232410176745,0.11529059313078,0.0293650635806649,0.251775069494529,0.038801946754727,0.10602105564303,0.0838667462569711,0.0777179520228265,0.0990991451030502,0.292779936779035,-99,0.175464477571724,0.0624699292278374,0.00831564171997275,-99,0.0108748291308423,0.268103550370893,0.132639770100414,0.0406666776856999,0.0118462470207295,0.314589235812284,-99,0.0471710891297432,0.0102120387616343
0.208352633514825,0.152868076816048,0.0498016878849899,0.0205160091967835,0.218416584663035,0.0852423491169404,0.394285382839523,0.0319972203222441,0.146888101242917,0.00385480920421147,0.212777741883648,-99,0.117364699726539,0.106825767808571,0.0538395896305699,0.260644856084419,0.072658189248983,0.0418687561635631,0.201943213920712,0.0630690407667787,0.0609059576912513,0.0442927615476807,0.0242295292256612,-99,-99,0.132488419686982,-99,-99,0.0766603585311112,0.00182071649444305,0.00552283891829511,0.076852609986144,0.0372835685788698,0.119392496629087,-99,0.16729075491536,0.0169026944243269,0.299845197717268,0.0142253151939207,0.0551118290033894,0.1396175005595,0.0860525599319838,-99,0.352475582044013,0.061463210496854,-99,0.0228595328728012,0.0402955327009228,0.265276210044704,0.33615335987062,0.0301389806744096,0.0415838300573216,0.0280518665080306,0.0170655927103896,0.0807088374129902,0.328485968835829,0.394435898997518,0.341620365368869,0.0159203672721409,0.0404147120814782,0.112020355388472,0.0424495680244309,0.0870596262189292,0.0891326236594374,0.326745526525173,-99,-99,0.0407424886974608,-99,0.0692641887991126,0.0862957497448892,0.117908859114001,0.0315906943768407,0.460102959054562,0.367589359959091,0.0394199539041898,0.145435041031167,-99,-99,0.0752004356786114,0.0862923874985392,0.279406255028174,0.222214498326046,0.0535620082380079,0.0101217070277464,0.191770858849824,0.107161428005949,0.0517069287823187,0.106966463790381,0.0103742060966739,-99,0.100663609091072,0.0449831382643118,0.179465723336333,0.00450902663344874,-99,0.0513291209706224,0.0979916165164584,0.0588286740402778,-99
0.0339029357991397,0.171891481492249,0.0877356371934177,0.031373182338528,0.0378239626634092,0.0606498616366256,0.0389955140564778,0.0577552742745513,0.0652782516758958,-99,0.00282978927368467,0.0418708818492652,0.0403577933850537,0.142467572894177,0.0426410601690613,0.0556697411684786,0.317945039418103,0.0565034925969705,0.054640618089049,0.0561560116932946,0.00269528568915738,0.108480833844309,0.0185879809086842,0.066641291553049,0.14230068080253,0.0143648550149624,0.203057082949545,0.151689481379934,0.146443851726134,0.141347668342433,0.0406516178157747,0.058015660329672,-99,0.160136818233275,0.410788267397698,0.235205704101511,0.289376171420499,-99,0.0937224627321577,0.0152241181112668,0.154982039106572,0.187857767061643,-99,0.08304422994781,0.37204145824881,-99,0.162045182998649,0.252074926535607,0.0542304332654869,-99,0.272071817115344,0.028659202820691,-99,0.103644202471548,0.245109976860582,0.100458094423598,0.115212896195979,-99,0.0369560889586145,0.0155679398721319,-99,0.00961386231821598,0.132813434828634,0.0327396254345446,0.00143319409685875,0.183178626845771,0.0401095115435508,0.154949074579848,0.181668867750503,-99,0.130367418720208,0.0856981051355078,0.0735976029108372,0.0395916854490495,-99,-99,0.0136355107059218,0.0265546015855041,0.0334495954218038,0.063860699569997,0.00301936454802069,0.0111960202635497,0.0427901761400244,0.0107059241679588,0.385595534317619,0.0306853018397895,0.217445747283853,0.0270745781322613,0.0538808552723612,0.101619705878907,0.360398200823183,-99,0.179677741530818,0.0138776171932794,0.0897739613275756,-99,0.0589608887689461,0.140704437853232,0.12916070941722,-99
0.121069177226388,-99,0.0408915691882659,0.0465102296709893,0.175408312101511,0.158785797255611,0.107999609823207,0.0708123467607372,0.012509965225536,0.323200591083899,-99,0.123045697011953,0.0334284575374503,0.021183820510093,0.0546812229790086,-99,0.018068013093353,-99,0.105702218872727,-99,-99,0.421555138158616,0.0149880404862806,0.00853750658821833,0.0375287056288152,0.0216141310932283,0.0480915460273477,-99,0.323430971816445,0.0925176825440842,0.274688902661315,0.0510030084054139,0.0668624520103487,0.259830173947024,0.0427993248567956,0.170656669326994,0.00649762081390369,0.0384191573203463,0.170520041825533,0.423418777594668,0.455149216390364,0.119738820604358,0.192044008024623,0.202669434964769,0.0159035555761896,0.240022540263355,-99,0.201731027754352,-99,0.110518661403391,0.0337485226440181,0.156376016637861,0.733886927434799,0.00603086393269498,0.0870839205715966,-99,0.188580760477758,-99,0.120634533320219,0.0755510173253171,0.0869099029136759,-99,0.0122120766597296,-99,0.0019702164150187,-99,0.206548380518958,0.0062522324231221,0.0116962526069778,0.0358683318085047,0.0763092160264562,0.135438043236111,-99,0.0792779525919901,-99,-99,0.0888007416187078,0.0264663320115813,0.236726153154216,0.110769055145073,0.121197838052152,0.0700400043192999,0.163534536812146,0.0379091378162358,0.0649760309781511,0.000324246534109807,-99,-99,0.0338796449397252,0.091932671494685,0.009515104187973,0.134233341412257,0.0509386554608748,0.258718549543113,-99,0.12232912906757,-99,0.0816917839020504,0.0386274217196119,0.0918013370741495
0.0147401235387501,0.0562987667818737,-99,0.0574946731689474,-99,0.199638375049134,0.00709649612205178,-99,0.125200303051115,0.00304299132290161,-99,0.351220932903372,0.0693378556126075,0.0116341881137929,0.188965681965286,0.0201836934226112,0.257428347109886,-99,0.0292622630210033,0.0049565292154279,-99,0.0350874462979529,-99,0.0470035360098172,0.309459727282899,0.0560566263497592,0.0753237134759056,0.00762553964668034,-99,0.000965444233794966,-99,0.118917491962521,0.0418862699237742,0.00223643979690126,0.118952443246906,0.0955992458235012,0.0058936037247183,0.0518659156608537,0.0769905496205279,-99,0.142146552314203,0.383155095821206,0.370616288026885,0.293574404775814,0.113410439298803,0.267338795721852,0.106476656984752,0.0150269823348618,0.0250102040546564,0.0290860131989808,0.0270907532900096,-99,0.00875914542286024,0.103005408969786,0.163634065477803,-99,0.283168652033254,0.290738885751612,0.0423989664695606,0.00402810886854019,0.72656339460043,0.0804751704684415,0.0206265875356847,-99,0.447400606768506,0.0493526598108117,0.19801483106732,-99,0.0493074466032565,0.0470613256557303,0.230163419392251,0.422050315009527,0.0371337768634853,0.179248886369364,-99,-99,-99,0.244674803116944,0.0842929977146992,-99,-99,0.154441210082962,0.308926344675143,0.00750437741450869,0.0476788229933957,0.073997042693296,0.175342687383773,0.246212308268889,0.0923252669494726,0.468769716853496,0.0784540747761291,0.0330161367684764,0.00214737800026017,0.128255301841598,0.229763819479515,-99,0.368306949716645,-99,0.155751912417809,0.197214660965995
0.362897791928869,0.124548213006087,0.130113481099759,0.164649464966634,-99,0.313895072324691,0.0726794639220517,0.368341173116623,0.0330815913973559,0.265702545791962,0.190205707860648,-99,0.662915682439762,0.0471201513164168,-99,0.160849848104053,0.145707077843955,0.279237154593404,0.0097252310690475,0.0280661098407247,0.164107552023862,0.364425072667827,0.0356232194294548,-99,-99,-99,0.296937150156962,0.0812248362808964,0.0330698430040273,0.242934603329904,0.0788881278056224,0.546866924439452,0.146259841715979,0.151006922128618,0.121346846134849,0.129139721888302,0.0527856519260714,-99,-99,0.0239249183032088,0.468403975020433,0.00553784477258743,0.478758632665517,0.0123106706104899,0.371910758306767,-99,0.0144790408026956,0.0911433497990722,0.0308310438982387,0.185014268134531,0.0147904403253045,0.0180932789556224,0.0634967444521553,0.302991471681967,-99,0.0796383749265308,0.0523121852890694,0.0457620856297109,0.107368724421302,0.0360218410775053,0.103980854314513,0.197961800434795,0.224935862538763,0.0737167818219595,0.118499653271817,0.0740038388823091,0.00799715471037835,0.140559051398883,0.0871391665953389,0.149152605120509,0.0270789731526643,0.0897647184043356,0.121979205833719,0.0796696965769996,0.21814575584463,0.0597279059485056,0.0172630043061597,-99,0.0119948505342829,-99,0.00869369623894194,0.118019750529057,0.191206327512388,-99,0.14598253267472,-99,0.127574249309205,0.238967620812714,0.568425622912128,0.0477456195366491,0.189192260786277,0.0804498970824842,0.091594276432251,-99,0.103547195324154,0.049473858596481,-99,0.0457815170018144,0.0387615847544284,0.0121216697512052
0.185270553024487,0.183928237890639,0.05343636025032,0.197878308187262,0.0159720315793586,0.0355019074636735,0.373043426961252,0.082298372190862,-99,0.0045628127365222,0.00952961029837194,0.112241223320732,0.230192912940045,-99,0.0385679182484412,-99,0.0437361975438159,0.092137825368034,0.156255816273776,-99,-99,0.268955644220136,0.379729523674909,0.177632718104678,-99,-99,0.0731379968890446,-99,0.0733642194992615,0.00360231576916735,0.184967833711695,0.0101135809474206,-99,0.388116470979712,-99,0.0676965004821843,0.00530232751557714,-99,0.11636552095525,0.0764074320791443,-99,0.263110298772304,-99,0.182911017047977,-99,0.0480202477984527,0.339116850377264,-99,0.386148156666105,0.178989216845012,0.225003761172967,0.112497431865588,-99,0.0244794403080135,-99,0.143843679189844,0.0222832762130389,0.0795245248311966,0.128854991013357,0.147224997534102,-99,0.139473150556563,0.0498293834190844,0.0234937611688442,0.109595902254625,0.0499430003842467,0.113701684652048,0.0533835705030879,0.158468752289811,0.178489458866737,-99,0.00542501552745441,0.0886505285574549,0.0681105757020022,0.18604484516169,-99,0.205491727414371,0.131563344460265,-99,0.163640310992558,0.0916455910867709,0.0454587419646718,-99,0.130081844923418,0.0433055488103829,0.415224357993051,-99,0.0461169043090184,0.253074915624467,-99,0.19759066949557,0.0128602664689144,0.0624229737896318,0.108907718669709,0.111617908784786,0.167047386208751,0.154295679042859,0.0723520855550937,0.00680389557131015,0.105886716492605
0.0145577014348806,0.0941301976626921,0.0442030348702487,0.276698589873181,0.0158645690407939,0.201569815575366,0.269773063540104,0.0530263905223777,0.0161750329237308,-99,0.077454694594076,0.0215665543060301,0.0638452494878227,0.041876256427679,0.150806653923842,0.0107204181475267,0.141160259673831,-99,0.0871801501099109,0.033982284939637,0.332086736757129,0.0987248776959874,0.102039766369537,-99,0.163794923289891,0.213556621788273,0.217449223985817,0.259211555390586,0.100069281076651,0.135057285671613,0.0424515870063215,0.0195817058960149,0.0873122837294546,-99,0.0656135888324906,0.00397352978076493,0.017422044352706,0.123875420479021,0.122994947887431,0.0299590347221481,0.0311074792066195,0.111576408949923,0.102220218869916,0.0218514035753426,0.00228285883412132,0.037541609204482,-99,-99,0.0261764608433898,-99,0.1728350670884,0.0247498804827184,0.0198337293966163,0.23104835254844,0.0541543121532907,0.271285567358166,0.00686217562063889,0.0248846862663132,0.176075497218539,0.0105208885667727,0.0144919632221443,0.0763591738523078,0.207955449072094,0.377712274746831,-99,0.0704821625726816,-99,-99,0.0332615231484379,-99,-99,-99,-99,-99,-99,0.165099537820936,0.326852787561508,0.0545580037771799,0.244153567770696,0.064319757806772,0.152808954374363,0.142079439372379,0.0014269256279435,0.0532594264723504,0.117496715646874,-99,0.0328539247207737,0.1193800802018,0.0467495450308644,0.0318856398309071,0.353297123230614,0.133369490587208,0.133840817859494,0.0916026457925957,0.0582935977943406,0.401183929422751,0.0237777680894895,0.113660360047218,-99,0.377487767530057
0.0901392554324867,0.0776593249012449,-99,0.287368404126487,0.00412462582755176,0.321839109244091,0.388408482078914,-99,0.0334870585688112,0.037807357879937,-99,0.0803998118261103,0.0678214649183121,0.179640536841832,0.135846408381246,-99,0.00359967368342152,-99,0.00763216150570059,0.0321477803542513,-99,0.127198829860956,0.0159374059173719,-99,0.0489751453537009,0.234320483994198,0.0807205136013068,0.116676503637273,0.449962691145391,0.00691138057989486,0.236080800140065,-99,0.0924339774636866,0.0527833015101112,0.080953866221093,0.118547742243032,-99,0.456104509615906,0.164179281267477,0.069384714971575,0.023918555132971,0.139935935736735,-99,0.13165249959894,0.141371278156434,0.0629630617376075,-99,0.00894652830117667,-99,0.495040517431247,0.22474053821224,0.0753436063843035,0.0242284094860845,0.169345440558877,0.022796065494343,0.0489769259810301,0.0780483071541841,0.192272233198112,0.0473391380239448,0.0583170794746899,0.0602106373255692,-99,-99,0.0479904951904468,0.0895122981737432,0.0973118014753742,0.0335878202241678,0.183588001398185,-99,-99,0.124803681959397,0.150238425844808,0.0459572441251663,0.280246824728838,0.000803753025412186,0.00763622986498984,0.389502171921668,0.208699657881014,-99,0.178113372297042,0.136746253603635,0.00726070712772916,0.147013570923867,0.123683511219209,0.0577364016553334,0.313629080983081,0.188171128351845,0.0162861325486935,0.0536145056789318,0.092394011900256,0.184883215332303,0.127679978373634,0.341996799337336,0.224539076487545,0.00632544081349205,0.0477018698688099,0.0680701910950638,0.355410830937022,-99,0.102426967723457
0.0433648729098768,0.125580068466648,0.080811140658664,0.0207108835835843,-99,0.0711547532883973,0.0904280323485344,0.0455909462168966,-99,0.269280690928148,0.0782530055505075,0.164238948146947,-99,0.187030080341819,0.0186575379007902,0.0393134710169137,0.00757778549514307,0.0533182708345551,0.0709224110184463,-99,-99,0.0421137290983127,-99,0.0583734471545097,0.0883099802079495,-99,0.00788606411141791,0.0914409818325855,0.55324404945685,-99,-99,0.00837222405518373,0.0155136329852121,0.00828567708904144,0.187292316829405,0.153393824545025,0.302556658680718,0.515897405553225,0.0183660106357206,0.123853074001978,0.195542633936013,0.228436756013297,0.38489943948429,0.0490326251863713,-99,0.00888937537001021,0.078087820143352,0.16588912938953,-99,0.00411238894201218,0.121732423404888,0.0776870470356722,-99,0.0486335179560673,0.109596677663626,0.0914042006137642,0.217856246761439,0.0504346671357083,0.0291034934668207,0.132457071872779,0.0593360933246875,0.015267247846088,0.0975013530095777,-99,0.0304672354542333,0.0244832956316806,0.160852120426355,0.055691046350868,0.263661682858197,0.0532944643554011,0.256399791704906,0.0632472916442071,0.0143595106673584,0.0518678313773686,0.0677728516571297,0.079810779918569,0.0535447582070596,0.0911080962554237,0.0426376104107303,0.00943618730912485,-99,0.0563615166310546,0.0240245406145525,0.0682940550665592,0.0615298084413328,-99,0.0249076188290983,-99,0.00127142549428104,0.0222127248057203,0.427614829172146,-99,0.0257675724451586,0.0209516273646115,0.0455360008412021,0.0889238020151131,-99,0.057581814014678,0.0347718389279046,0.108985472267175
-99,0.0216439314881799,0.0369773140794702,-99,0.0794689470650097,0.0786755337374142,0.0228752750325978,0.0859403554303185,0.160075369668405,0.158498544207281,0.00849878077667439,0.049544204724006,0.121645803807117,0.197492487466387,0.16222656985968,0.182554331176204,0.0327759647503202,-99,0.195237162097591,0.0502149769764148,0.187771993289666,0.077647403871149,0.216292242577781,0.203644634331227,0.00496454703663766,0.0508219532903721,0.0749121145233269,0.0942859944715004,0.134682414660953,0.0538910668017632,0.0282624654766582,0.180953580360412,0.0909861076194833,0.0292578618441644,0.0948103055876524,0.233720047144767,0.0328761469730991,8.99837648052041e-05,0.0640924046338289,0.0581735140556755,-99,-99,0.119117351891502,0.0418413428587577,0.0636027570420959,0.0751189661710178,-99,-99,0.012042719883744,0.0135691801410297,0.181416738163745,0.199019329412631,0.336937948255395,0.136233225805066,0.215786693939884,0.248457368932586,0.147761245881792,0.111127474888675,0.377415058926031,0.0380560605623671,-99,0.166493809013089,0.104195923728937,0.140399265061701,0.234958950533724,-99,0.25718433816534,0.0938340516164134,0.261718430290732,0.0575696289634946,0.113600523984875,0.0556270738789178,0.259437257865103,0.00108492248304695,0.0751100073624031,0.0954171259066169,0.0367605049548387,-99,0.0470111089353598,0.116792938632744,0.0849487107832851,-99,0.230815241217043,0.16374292642599,0.0745280797047683,0.151514713053175,0.00420296055661969,-99,-99,0.151522593540796,0.245068208855547,0.0256918537168813,0.0508047116502625,0.566044433523017,0.113409826014867,0.0492564589931303,-99,0.174782026236954,0.0934713893923913,-99
0.0637055503164179,-99,0.03965237849828,0.0975086761464172,-99,0.220721230930495,0.01521870154214,0.0334750323549571,0.0489318631429867,0.0331638789926409,0.0269498405826311,0.0702279825234454,-99,0.0204916864223793,-99,0.213520108246178,0.123317252897511,0.220795225535608,-99,0.0469666256688333,0.0436503719617097,0.367270665222935,0.0774502358794918,0.0510008096190253,0.0812642631308484,0.248202408596409,0.337954821558502,0.0332369614499427,0.277371914776778,0.0734153424977199,0.0132179554917502,-99,0.0264497650172241,-99,0.139452420136487,0.229710434265279,0.00845556829105947,-99,0.030382367112705,0.0265854777364751,0.147954271675278,0.159824877535236,0.0399449089394241,0.0421035091856836,0.0733659554254495,-99,0.12210004391085,0.0315253499960393,-99,0.195279391459778,0.176645258597802,0.0750061141294546,0.443933915421295,0.107522582263507,0.0245165267318951,0.00766598274375008,0.0931507476574578,0.379284557191906,0.177354610867928,0.0208208081022634,0.191174007302588,0.245310583246441,0.415973489713164,0.0165104268115008,0.188398277607692,0.0970650865671577,-99,0.00665317940329984,0.0275281871790513,0.00107451853050774,0.0183482317066454,0.133999769019811,0.00130172492544554,0.321655353775091,0.019198120453322,0.00841701085693248,-99,0.0694813443013929,0.142381353227139,0.116079543964783,0.180086983219911,0.110870143099022,0.0742436501084753,0.0217749882228637,0.159712819447716,-99,0.377134183681372,-99,0.017216054031732,0.0119405930852462,0.0120192417419706,-99,-99,0.0300193713037163,0.448460666123185,0.360697484545276,0.143163594847041,0.131354854358229,0.272227335472778,0.147046630757675
-99,0.0112438364471236,0.0564542219437734,0.0189908091479788,0.166003136337938,-99,0.0493533002867325,0.21090174498883,-99,0.147974553885586,0.0318530931277239,-99,-99,0.0938894822184135,-99,0.200301404345319,0.20438736215559,-99,0.284078801098325,0.064103125135699,0.393433377503744,0.141078288053331,0.0785588231812473,0.434416102555178,0.0886239838178604,0.0243188381585231,0.0917089759224246,0.0350009518269624,0.0470092442282611,0.0900269175930476,0.0236655172291444,0.208046337842685,0.0234154416279485,0.0333541083375871,0.147804590667518,-99,0.233688484229805,0.0171923137283708,-99,0.204524129584195,0.0275583564676647,0.262487393833981,-99,-99,0.055221342514135,0.368959003693559,0.0225435552577048,0.400032827365661,0.0405633455893091,0.0810649726852585,-99,-99,0.0265539336306262,0.0776218898110435,-99,-99,-99,0.115633260563315,0.0783192862349632,-99,0.183908812744242,0.0247274856727418,-99,0.122572717522628,0.306837087981633,0.0128625603869664,0.0267170860079743,0.025333918936442,0.138915866158973,0.00769881433537339,0.227745250606598,-99,-99,-99,0.224491243965695,-99,0.121482422404589,0.0212648760254999,-99,0.295349486891615,0.0811359122234219,0.0552999133950032,-99,0.117342067737202,0.0743795292340665,-99,0.123152302299953,0.00951272559552596,-99,0.0511164313245115,0.0853374273101993,0.000921516734995111,0.0618993273566285,0.121011763470737,0.102526837296014,0.00270854378875805,0.0350618529157,0.0261142435211952,0.123757427359945,-99
0.406475851097275,0.0404393205909964,0.102441412049068,0.148881136651714,0.192759593199676,0.1505686575948,0.117441596705116,-99,-99,0.417308549498145,0.00957271652895468,0.0188995236458942,0.197974203515243,0.46148449549555,0.401761117257617,0.216758437347037,0.154174210823082,0.0533880085855227,0.0121452371789599,0.0292234994852575,0.302952767181182,-99,0.287240409849452,0.201731389845237,-99,0.0393341308043959,0.116090746314809,0.241888901157647,0.0151916482773929,0.0771034598980899,0.157853549063136,0.0412817213215127,0.0313938772581453,0.246995497801022,-99,0.0737201779045887,0.276520985985702,0.218952465642704,0.088338744267647,0.0776569714456676,0.169504540070936,0.0548480736102029,0.160594109976599,0.0691627925777314,0.0479778770680642,0.210592877087896,-99,0.460976360477229,0.072593265476834,0.296849113489657,0.0600287363267423,0.0893393622519093,0.147091000966187,0.224646145025294,0,0.227469624048233,0.0102300381086033,0.103410781574995,-99,0.0142406353741942,0.067305890782041,0.293002938026304,-99,0.0620043537572363,0.0235274802212794,0.0903792388783314,0.333264290729155,0.111288721548264,0.00118858903820054,0.031984474911089,0.0116706001248349,0.0617258346937465,0.0231472999102902,0.127228029181987,-99,0.00519978104708624,0.112567662596156,0.0648311499028684,0.211121756228561,0.198549338346969,0.110249984074739,0.0290653743950688,0.238721764190397,0.0602147973275306,-99,0.402974559995892,0.0900680884847686,0.00544722986029028,0.160093057615616,-99,0.169380361531317,0.013676080089726,-99,0.0330605919089366,-99,-99,0.129081900096085,0.100234715240139,-99,0.59261166939285
0.0120525101400553,0.0260739558896286,0.0493801645050345,0.0743708804277769,0.00215984653837366,0.0116322009886073,-99,0.00750609026634796,0.310173133504913,0.032736349384446,0.0217724766869272,-99,0.0762791883762161,0.153583338977695,0.139848876199753,0.0711130906602706,0.0335408316124967,0.139314352620717,-99,0.101426357916176,-99,0.0727623015587996,0.249213155291588,-99,0.162391460058691,0.117880931544869,0.0952026292939363,0.0678135851415529,-99,0.0258241619196745,0.160919707666476,0.144881814537341,-99,-99,0.0962155501483362,0.110098741985307,0.253801936878955,0.28247395139338,0.173565331375069,0.181105600491584,0.00404204869701203,0.433786612726215,-99,0.197936204558449,-99,0.0045738016415197,0.0121745555704729,0.159750123965932,0.279602300329485,0.0883140792367236,0.0209009535929621,0.166327796200793,-99,-99,0.0288368269678645,0.441684182666263,0.388111030160933,0.175636759659892,0.0537944028651337,0.00699153010002443,0.00113708810962751,-99,0.0958718850519337,-99,-99,0.0186989755099175,0.205426996936174,0.0311945665232698,0.598552149694787,0.0951509540522768,-99,0.0204826896726611,0.218117652347836,-99,0.0736128966326355,-99,0.054100131027938,0.114682097978953,-99,0.109653135643685,0.0383105874519257,0.00330064300406132,0.117643910628166,0.120763550178713,-99,-99,0.127345827750979,0.000979502998799425,0.307742153898911,0.0528347360107174,0.0548483839814167,0.0441176663779508,-99,0.18428217191031,0.119016567298715,0.179771719632888,0.215517972889801,0.0361860681511079,0.180625615910014,0.053825113118946
0.0944964546157908,-99,0.0534802192510406,0.144751730006793,0.0244768915278006,0.0235722307516642,0.48027334985781,0.0145451259785772,0.0993461721075871,0.152193439955942,0.041597553089028,0.0975873987477296,0.0170432225219385,0.0416819668996895,0.12957234874828,0.322564256054984,0.0887893346199723,0.0939825354276038,0.205068573643869,0.0981893300057598,-99,-99,0.157740416114546,0.2546124076698,0.365504508023555,-99,-99,0.00017431364047818,-99,0.0316259596131092,0.00773141178824753,0.0632688147139733,0.0223958814325835,0.0143951597933529,-99,0.107071493669211,0.0106928060393207,-99,-99,-99,-99,0.23145045482333,0.0162214721151385,0.0635007234871802,0.19882398070629,0.0417361985504201,0.111787140640982,0.0793835509046208,0.224206846486306,0.015127960611413,0.12192430174875,0.00586348336851382,-99,0.167635235492403,0.00959282150571283,0.101793353308036,0.0411173131915572,0.00433567664712173,0.100255195939712,0.0792838020729736,-99,0.0463880569333385,0.092250730318988,0.150744590442216,0.223221081159344,0.00597962055436915,0.228124908016405,-99,0.120985749335542,0.0194974459471653,0.0971652244811929,0.0832761480805418,0.0574186224898183,0.0859994348338053,0.457431436142479,0.307125868706496,0.279656661622502,0.1547475301262,-99,0.333373105483606,0.159851225037721,0.0145752257263212,0.0202422179421421,0.141617849021798,0.0062787433793411,0.255135944796764,0.00965167523830495,0.212787614224612,0.188758228674754,0.163263929781076,0.0150119150105432,-99,0.150816141591391,-99,0.0608571413096649,0.0708529896834436,0.214277948991546,0.0582829188558397,0.181398169284559,0.0272158789396037
0.163874181525503,0.0336430781907185,-99,0.0247915342966816,-99,0.240892577664301,-99,0.0204943955782194,0.322810248869524,-99,0.103579481592976,0.0283601837886449,-99,0.104801791879961,0.113967414256699,0.74681601552502,0.130062197697497,0.0656516222651281,0.343025752577317,0.305709037931012,0.0491916063346609,0.0323528174889078,0.171080633931532,0.113848318493349,0.0460486703544308,0.00256590791868661,-99,0.0479916876540841,0.103066064652474,0.0804770306167622,-99,0.235893960589976,0.33312579438767,0.176455319036729,0.104738016418146,0.0370226912493994,0.0359602428256008,0.0513764381696884,0.110694869188473,-99,0.00647704865560252,0.165247885738042,0.34661616888928,0.047066477948608,0.117095400792259,0.0106535799878944,-99,0.0528849679332578,0.0303086891370334,0.0497266068174252,0.0888898232531143,-99,-99,0.241375961086213,0.0952965294582752,0.0909545759640128,-99,0.34466351730013,0.121539938295197,0.00386201371490449,0.0742969310289208,0.21010031186299,0.0237437018389228,0.333380656376015,0.072923429503796,0.286984649353975,0.0978517980212184,0.217443016269801,0.0366877655957488,0.121745612699171,0.110691683189018,0.0225616666044323,0.143019904000729,0.0923869309154141,0.137704155358398,0.15593030453711,0.0970366723133109,0.200931984350535,0.124188299247778,-99,0.0347103238125481,0.302529324669992,0.10437777693127,-99,0.0509709021920479,0.0153033156007172,-99,-99,0,0.0405491370698546,0.457169426092377,-99,-99,0.012304631163639,0.00906853440795043,0.575836471955558,0.0182479846226951,-99,0.124018226352482,0.223977568978561
0.108399133543059,0.118300837245143,0.0966352435993683,-99,-99,0.0128105736342407,0.00271302190781439,0.17855382681639,-99,0.307254197250823,0.0255727941239196,0.147421216141485,-99,-99,0.0529116708308829,0.00755592208823548,0.015302099570095,0.160108465975899,0,0.0120071294037647,0.147975436372696,0.0323985603826236,0.05147031094418,0.0393193816278392,0.217225242729471,0.192959075780112,0.229178379316812,-99,0.266172153860953,0.160717833454191,0.00800985271941846,0.0406401811048802,0.125516594165671,0.237824210047717,0.275644990496136,0.0723262617385147,-99,0.0266810289942638,0.491279789798858,0.0848490215015895,0.0495090509555843,0.000448238068776034,0.391313754177446,0.463662328041593,-99,0.139844681127468,0.0196294266436493,0.413081184012588,-99,0.0787688912339407,0.0237186740893755,0.0822341188520363,-99,0.741182379572909,0.103731894067812,0.166044056139939,0.0956172879803676,0.0211938682303718,0.118426316496053,0.0146972894301121,-99,0.0292505054459345,-99,0.0158397542419815,0.0926093494775991,0.206340241444423,0.0313174296795582,0.227079767784181,0.0334617880384092,0.106147292428503,0.132553745167876,-99,0.0527647266004463,0.0795274142777015,-99,0.201645110350536,0.182424906310982,0.0344892511985325,0.0390082783950583,0.0903522488157828,0.0235912801687237,0.127157097020536,0.132285226022639,0.116626854753139,-99,-99,0.00402012237644648,0.271781319481676,0.0621163859362827,0.122028300300328,-99,0.00186463887541547,0.45251015580657,0.0115179782266259,0.210979384519275,0.0362883329332907,0.0947949861124425,0.10650839275082,0.222456229046106,0.106097249678702
0.0414030418003804,0.0208620441274406,0.332260239266347,-99,0.214040759188283,0.354028146327643,-99,0.438454303316689,0.0556607471395265,0.189876366712795,0.0565960873285094,0.0658178255418467,-99,-99,-99,0.0218921220257803,0.182195026296515,0.103994925724821,0.0417137382250804,0.0056001503249019,-99,0.0403771202241477,0.026058250871356,0.153633165321291,0.132151095668064,0.323371692815148,0.0729949084535048,0.0182602494183655,-99,-99,-99,-99,0.0929058120159875,0.155678644446925,0.0604470950978454,0.148340250841316,0.135616254014756,0.00817933204308192,0.0403136840751102,0.276659447046606,0.0752841585763347,0.220457271380963,0.137633313096829,0.16571676673585,0.172560304950296,0.303482238839826,0.159169462675599,0.238980950657325,-99,0.0112517693789684,0.0161880277193316,0.572990541174307,-99,-99,-99,0.236106381254762,0.040563479734118,0.132656958721578,0.0317481589403978,0.0237592163549408,0.0755020511334126,-99,-99,0.332639563233159,-99,0.159220461971145,0.181054382321152,0.0752445978334975,0.041216730008607,0.0606827991409472,0.182415213228709,0.010128191146011,0.199281668634877,0.0607422144651651,-99,-99,0.00927024905557389,0.143561101727449,0.190659063871226,0.102309962349043,0.195932184450268,0.23713668180072,0.120969417626237,0.0386006566875534,0.18066988533325,0.144953807856166,0.0149893154949902,0.000124383756093547,0.051910633934874,0.0354428294974726,-99,0.00638241358671087,0.109076493576141,0.117919119736569,0.137841362622632,0.28953242517878,-99,0.164884472299482,0.127794650227974,0.0473092915222607
-99,0.0967910105726785,0.120771671632466,-99,-99,0.0255843156884462,0.0413041333586755,0.0270287048060861,0.135318708470744,0.274689321306873,0.0349850398573241,0.424423281777133,0.00981500079100973,3.89928300315723e-05,0.0394426383250154,0.00183195174749754,0.163058471992119,0.129197458806634,0.159084486347247,0.0312740660030866,0.0821628109290479,0.142308417493743,-99,0.0801590306182871,-99,-99,0.0410460173783952,0.103764568098114,0.0497730776481363,0.125974885619155,0.0529383150822283,0.0799065624126195,-99,0.41007692632937,0.223188023014426,0.297813596125175,0.110961670353126,-99,0.00614179348325227,0.0339580273948179,0.0102789382936678,0.00901052912006947,0.0869926102124074,0.209359625139068,0.0212847128949588,0.110091287641708,0.0858493706760746,0.0189519459882625,0.134823696790033,0.466037136315378,0.157699208138515,0.0255374746862401,0.0262143283787916,-99,0.133347255994172,0.0405945135804411,0.161064391256273,-99,0.0353506590361694,0.185416112643925,0.0881861778663879,0.109930850073845,-99,0.0343070716676,0.454283361305059,0.360140455630748,0.0323274468077228,0.146332836150228,0.0602984581969004,0.0314109323155004,0.0827311749251846,0.291825365017815,0.00725998520935868,0.262644993924807,0.0216553296126573,0.492822113506364,0.0343417936310119,-99,0.0581824618686351,0.00459985975315407,0.214265543799832,0.0210957423409156,0.303258739404196,0.00280495910644815,0.103263110216852,0.730422693843736,0.0935144951040268,0.0932214664477339,0.291718880572206,0.0286467943936563,0.199989338996678,0.00202113550875343,0.0177074801647321,0.0560942345051671,0.0214252935509656,-99,0.272611461607202,0.128429626486013,0.10227963501944,-99
0.289009658739305,0.0115482321121417,0.208367863479149,0.0648514600343306,0.119282396173296,0.0341726758446042,-99,0.0901325712008536,0.260956715952982,0.106842478120117,0.0340951125413567,0.151261103767918,0.0220199294732517,-99,0.00177966161778668,0.195596816859089,0.01263416392125,0.344129022040134,0.107628886475417,-99,-99,0.0282200146697865,0.0269246383966501,0.0885730240083639,0.139608596365572,0.105037738199038,0.0649179247941071,0.000202382191068236,0.0849675686893664,-99,-99,0.0946219509517845,0.27232290430573,0.0920162798495643,0.000723855063317695,0.129895079189994,0.065550996023039,0.1164996283171,0.0779302348320691,0.00237513190038451,-99,-99,0.422524140391992,0.32408779039377,-99,0.019370009654605,0.00989998900028516,0.16797861354111,0.546059339363723,0.0664666740381149,0.098541861027936,0.0161969861143464,0.302084421506518,0.0512947957981864,0.0202371991871723,-99,0.405274986675204,-99,0.428046646192638,0.0527084758773652,-99,-99,0.0852620467759716,0.0571894210895481,0.0633147434499363,0.107211301056218,0.439694218057361,-99,0.228131162568788,0.14724114099032,0.0650959372149734,0.00368965120543268,0.082278601328061,-99,0.0600414406517609,0.0634092089938524,0.127762743790884,0.267014609505875,0.0531639455511231,0.0889622968701105,0.126503189843665,0.0852124484440291,0.355745787961295,-99,0.0271202559631204,-99,0.0607212905249037,-99,-99,0.129345040537877,0.0179115513321021,0.119411397544098,0.0248381891952701,0.094006054183145,0.265918967286181,-99,0.0286105194465245,0.0291059996090538,-99,-99
0.319572618956518,0.00126853432171774,0.155809264182883,0.0938164004024974,-99,-99,0.314252220625843,0.0511936032822061,-99,0.0423240540571675,0.00107467496455905,-99,0.114373355221926,0.149177843271963,0.133304363994533,-99,0.138129549274081,0.240411352427964,-99,0.0954221298466551,0.12661750051553,0.0833396186374444,-99,0.0881594873372454,0.0312240687688502,0.418557777713002,0.111378215369467,0.0846409956772542,-99,0.0667765447939019,0.0220929771962443,0.0120427849477469,0.0560157435578684,0.157694742826085,-99,0.0397698966426997,0.14772598121835,0.102040617440474,0.0650907428335218,0.0744068071650385,0.0167180466048136,0.0246913856083112,0.19366357753574,-99,0.309092105006419,0.0749661661053995,0.0989635882124566,0.172160015651249,0.466898254941688,0.0421352559696824,0.0350536554201944,0.10520105096077,0.0535303592941333,0.189812560942252,0.116760012100041,0.00677659256914933,-99,-99,0.27438641045632,-99,-99,0.15060385453139,0.21921655711804,0.0836944758816365,0.0413839820818475,-99,-99,0.137108416780748,0.171486856984132,0.0661017478175799,0.138948388604487,0.109817056554447,-99,0.098993243845588,0.106181748802237,0.0772924152854261,-99,0.0903564684123844,0.313125207344794,0.0262467084219063,-99,-99,0.0101347308484689,0.043395943808893,0.124930783902526,-99,0.044513741373121,0.157070298924978,0.110784178287004,0.0204795631094087,0.0952611620101557,0.584763212704673,0.0916662440243189,0.0324123642952997,0.062225905741293,0.0878857402782544,0.0633187503911587,0.282224891653346,0.0525139520478727,0.0191167019882147
-99,0.00731501012788236,0,0.0840640302914888,0.169328535767554,-99,0.00144886066920568,0.108901100706116,0.0873449709234635,0.0233288166611746,0.231748326849542,0.0919668368438742,0.0846033924310961,0.358985397329472,0.308161829578162,0.0333799812728949,0.116350526000355,0.0575343290617252,0.134367966417809,0.0848628387821214,0.0168899906898761,0.0953856884140367,0.0844996564704292,-99,0.037854511390092,0.0563084621887389,0.0234340922634495,0.241606016317147,0.0140265826191745,0.111327948709806,0.015825141415545,0.206119599273594,-99,0.0413960301094247,0.00935458738284424,0.00375776175286131,0.0327549255908579,0.298141283067295,0.337896852989656,0.442617445041784,-99,0.0272675965719312,0.0892590032812486,0.333950578601369,0.0937707001183898,-99,0.0413974639302067,-99,0.257048180054894,0.142161315381364,0.0301338536355165,0.00179354427044852,0.05220225780709,-99,0.317473522961443,0.227248440186863,-99,0.0154323055148252,-99,0.060125993735139,0.642422581087625,0.00371369399449753,0.0166988749524348,0.406674786703735,0.02382663800316,-99,0.238050027455315,0.275284384246271,-99,0.542029600130982,0.0442306847932135,-99,-99,0.180281986400159,0.0235095344822704,0.0602706440928668,0.159889952449944,0.0773385925325797,0.105959655430698,0.292530464780248,0.0046289586743154,0.065198267835171,0.0663763024942879,0.0555184699080928,0.0830146399007496,-99,0.0989976912174877,-99,0.00726944512660873,0.222232692788751,0.104579867996032,-99,-99,0.0340195406796066,-99,0.0499658431819058,0.175653007973,0.00931079095203318,0.00553160982301571,0.0897971605255558
0.0752053062487217,0.230712024066709,0.0238182231975904,0.0491449390288186,-99,-99,0.0120150706874358,0.115552931377794,0.0864132787329713,0.247662077703166,0.11280722016171,0.166574615403221,0.26501826174019,0.0248876603676977,0.135849388115768,0.0405625487720171,0.137616238344683,0.00360823782166635,0.142982434474573,0.100300642212038,0.0436326890741096,0.0452330657004582,0.0707850776711257,0.170649569668954,0.0491818472708407,0.209210334763248,0.303233149850234,0.188151409039427,0.297072299671949,0.0814259244993201,0.282312183035007,0.122357234558696,0.0890151231530999,-99,0.213998518715889,0.224056763237128,0.130027773011122,0.096370666010678,0.0876613069092678,0.00278902894862871,0.295342674248422,-99,0.0676965283068342,0.0813435503439494,0.0109559499576034,-99,0.172130092136532,0.0755449091644868,0.222071085908222,-99,0.201728794662938,0.013133046490069,0.014947425292623,0.0845134652145608,0.0150047184181247,0.00641343457145572,0.0503897000152434,0.0634170019704838,0.0993831003634632,0.0369671672669286,0.193306900559222,0.0293746017250504,0.0698270521226845,0.0296599896546326,0.0786008675086526,0.0954445689878584,0.0990590183391992,0.00063501254825669,0.0569337497384763,-99,0.128619418468325,0.107828042968897,0.0533119056506545,0.72183058113846,0.04465899527566,0.0938856904743244,0.151105413113664,0.0646681270049177,0.0742869929786595,0.0782388078147715,0.0983846359200061,0.147867539284074,0.162394046952003,0.122324501726983,-99,0.261150984595455,0.0323880080697584,0.084583870877086,0.0908640512497692,0.0396288472490513,0.0334469273702235,0.101976198606645,0.0072237112753437,0.0568455237613632,0.194261506207147,0.211427237703481,-99,-99,0.0306056969727965,0.0404740807927584
0.015893505816318,0.165480962181377,0.0136859822425131,0.252454012821613,0.134047679816478,-99,0.0594132707227167,0.0932535462608576,0.139327725733772,0.0671905043766093,-99,0.116704036479989,0.0679926878444756,0.0491972445271465,-99,0.0757757228204743,0.0627093837491764,-99,0.533508232303507,0.249669322038706,-99,0.376642931278388,0.0378704987885428,-99,0.0979831384353445,0.0284381542535331,0.00968700518748592,-99,0.12012456226501,-99,0.00617750809646089,0.25285241960419,0.48572841870616,0.458350467202014,-99,0.00656681873112365,0.041310021681326,0.276052227137279,0.0650943336915758,0.321116517687604,0.149703316990415,0.262056206576639,0.0977349306902309,0.0234787864782404,-99,0.00564940714519601,0.121021437715953,-99,0.120373781199452,0.0287671419546184,0.000707969703683473,0.0509880116554192,0.00759549195241145,0.0715849870676505,0.345442495528361,0.0175547159287767,0.152278865599173,-99,0.0377330649718942,0.0504255791058936,0.123923761166668,-99,0.00908702291773444,0.00875599727464564,0.0344052083299086,0.150942682538612,0.144124374683611,0.0743015037010817,-99,0.196126035115923,0.117414619281681,0.146817596844696,0.167655240838517,-99,0.0860463401964072,0.156582676780551,0.00506607368678544,-99,0.085763956895703,0.812584145305275,0.458053173117506,0.11773123077063,0.0345502292969775,0.0696265319688542,-99,-99,0.1261171784529,0.259809341289857,0.117776799669168,0.0394702326493193,0.117289422591983,-99,0.102213754315615,0.637829432643569,0,0.563319694329248,0.221021221084577,0.0238886203564415,0.0700657633032818,0.233922673972114
0.00503291146907729,0.146937298793083,0.0673644836481554,0.14638335254722,0.240320062947283,0.388064930209614,0.0553046278501253,-99,0.213971592237109,0.164365776495013,0.0531866628243934,0.139665589898597,0.000123396711280333,0.0457664635471216,0.109101870869684,0.00698457595709399,0.0238955222111056,-99,0.0119522031332958,0.0549734734380215,0.105447338496316,0.0624344314763293,0.0999901502915053,0.0625816550142016,-99,0.103184339759423,-99,0.0806011346606774,0.00856282309354578,0.337042691532915,0.122548035756035,0.261577221076464,0.108918794287569,0.0622883900709755,0.0459831394429802,7.69585522045391e-06,0.140598880678128,0.0627461888355892,0.372334203248605,0.0180869228394347,0.00596400073553355,0.0489617216298736,0.0331387793234999,0.178586166124887,0.0680275273150735,0.194760990542751,-99,0.114121026155382,0.093432586888153,0.444173800194257,0.0326520319490009,0.156955572769137,0.0252075343500538,0.0176918825797843,0.0908013422509966,0.389140419806207,0.109184772869108,0.0773706703981218,0.0289439206450664,0.328562223113996,0.0807771983805808,0.203570358757741,0.117875922643271,0.252266555466582,0.113450845788657,-99,0.0392585671662316,0.0923574288592365,-99,0.20121904065756,0.216945913752092,0.000128375926719608,0.0760584007214028,0.515396712404561,-99,-99,0.00880196610261117,0.100222525601254,0.041516503437104,0.18818968311781,0.0631030331454827,0.245914941889841,0.155332701717794,0.00869865798819096,0.282328530593245,0.0500574842431274,0.338897617219303,0.467087942728119,0.211143501558759,0.0554984008846165,0.0127241334556542,0.0994026628582865,0.100329809766263,0.128715999820855,0.235377285155824,0.256826488984628,0.200929084662233,0.0486258242201777,0.0742522968211067,0.0443884604352745
0.0176028682713719,-99,0.150220680216515,0.00254502853749897,-99,0.0456977235352611,-99,0.154576041530649,-99,0.507380393484159,0.0835974048466152,0.0159417854615064,-99,0.00754144796996945,0.0416414233980394,0.184391103519825,-99,0.0313144642775514,0.0729327968932023,-99,0.00281139101669508,0.00829094535506329,0.11379750425583,0.107340701195574,0.243769772016243,0.094518742782111,0.0433163562138618,0.1102390528197,0.10265803499101,0.192195552602485,0.164078850356984,0.141238045237299,0.150501868490202,0.0830906177907086,-99,0.0461567419689122,0.0249779824301924,-99,-99,0.00917504716939921,0.0584511630575856,0,0.132099636460109,0.0125913059485859,0.209867550288957,0.0340696062681295,0.0512480454294902,0.159635842530242,0.214659367904029,0.0883739190723576,0.183314041882134,0.000710939548501609,0.203354986882048,-99,0.0570006126928949,0.310819284919846,0.172309881390039,0.0309403867190623,0.149139305533598,0.0479035395033328,0.40182766844571,0.486187197614407,0.15025602343093,0.546190142076253,0.141511363014404,0.0859848969522479,0.0985876435762719,0.531059980751554,0.310068281580148,0.0876937579181992,0.240505335809647,0.00173688506606112,0.290272876788988,-99,-99,0.0242609961111573,-99,0,0.139397160831047,0.0413362685265676,-99,0.0407546169763454,0.197574058228874,0.0622534826830463,0.277897985891998,0.0570722751454199,0.143065329341572,-99,0.054947492529751,0.0472962875963627,0.119312705682733,0.182186064892002,0.0986437078947026,0.0980144964292291,0.47811977071917,0.249027048117682,0.216591471642121,0.0826419307573207,0.144069621079878,0.161086868675471
-99,0.0506917595995146,-99,0.0892562396710509,0.0397146237177595,0.0308146661594482,-99,-99,0.128701500546937,-99,0.0172380242154601,0.156766898206575,0.126968484723491,0.152168964290082,-99,0.19568484987467,-99,0.155486222242431,0.173911683889646,0.104380963779441,0.132473536971202,0.50367198306379,0.201555430704785,0.180578289014881,0.383333202754794,0.15924121770058,0.019090551158414,0.235877426829076,-99,0.0772034322962318,0.0206173498949255,0.0996508117647395,0.195824329553499,0.178727398342409,0.0607257068295798,0.23044878263873,0.312687533823054,-99,0.155903558806106,0.459506973762752,0.0416382701946557,0.0232298447161784,-99,-99,0.0320552269750832,0.0168064493196229,0.177159019398884,0.0938955677038242,0.127070242211804,0.255482879204717,-99,0.164734183140054,0.215768054444713,0.0409307433224972,0.00166279190376174,0.112180981889341,0.0550102300676613,0.0574864998585563,0.0273010483593117,0.0423276043305105,0.217612641999905,0.177306954869467,-99,0.0839809805460278,-99,0.0930340864388223,0.0350290810831607,0.113696356705879,0.236254785984679,-99,0.117861171828986,0.0208721912704083,0.0892364352372093,0.319062902827406,0.0108372540101628,0.225028959622062,0.225021901984197,0.0141337553133601,0.0732571820650951,0.207462984162781,0.0373864130456276,-99,0.0215513282489063,0.0700745548469053,0.0387870404801051,0.44406843687328,0.0585696870949217,0.123453433035985,0.0659880371229024,0.255133108677886,0.0776344215266875,-99,0.0575945515865311,-99,0.0936665133575404,0.00317332897091728,-99,0.0679610474576986,0.0836684962148645,0.0419754093578423
0.396259635330556,0.127178986495551,0.121586876587157,0.307221648197787,0.244117264265796,-99,0.413841326063977,0.115044388623718,0.127427553382241,0.0388143008880122,0.178510010302302,0.0791472906337276,0.0539835911277075,-99,0.0363222212389899,0.22095010999755,-99,0.0947928177162975,0.0245638352327739,-99,0.0521975295721302,-99,0.0963995961202602,0.142968560578781,0.371366561000075,0.035167081201722,0.0789678935502186,0.0715912236447251,0.044248665388364,0.0866182805163027,0.0474848958215867,0.0662400561229191,0.00166575207351858,0.0769658373523658,-99,0.192653393232119,0.049246575831166,0.245752356799371,0.0538007480365221,0.0629938109732066,0.479612864399326,0.0308844611652055,0.0469937612546675,0.117722950546936,0.0189147096447214,0.0130192807997921,0.0555584190528795,0.119631126192841,0.0185116117341415,0.0178103112503925,0.0274482565287408,-99,0.522538931937636,0.279450904383716,-99,0.123145094821179,0.17303543462034,0.318043713861876,-99,0.018387541455178,-99,0.00791058465243538,0.214316208919721,-99,0.491954548500314,0.202551931091546,0.155503352542005,0.0232971483114836,0.0624555537068742,0.518431864337802,0.137300127190339,0.0725885334164917,0.123958760243958,0.00757821631257873,-99,0.116689359888654,-99,0.045202635790248,0.491566729722179,0.43581432346318,0.221025255430931,0.0121530284484895,-99,0.102033556687607,0.316707118152861,0.00326653267391552,0.11653269283341,0.143833524501864,-99,-99,-99,0.688032389459856,0.0202431685431713,0.224734938698778,0.198427536037717,-99,0.037445557926194,0.0884257732447786,0.0716858638978424,0.285227921704042
0.00554269061091144,0.0221251075291516,-99,0.157665264089168,0.0308992380727897,0.0849696517914581,0.000573845302482219,0.0643871055778381,-99,0.369878069492993,0.0332559812938646,0.0220598638436795,0.824814325704594,0.0906160788385192,0.0250447769966895,0.0521754932616725,0.0340501358977231,0.301819602253544,0.00115748154344984,-99,0.0187396006483631,0.0603552526741267,0.0999536258037514,-99,0.164189280593729,0.0426200153382605,0.106464992864055,0.22426121175604,0.137262305221899,0.0247059186600296,0.075947405735231,0.00127387870567871,0.001785293825657,0.0145892290123715,-99,0.0684294197872997,0.167219786719796,-99,-99,0.0210080879247634,0.598820828885247,0.273297218714564,0.109645413003366,0.0846860746446009,0.0470734820913088,0.0557275304207229,0.0159595809561413,0.0258050417042083,-99,0.0181645157482156,0.186467204589388,0.00389578137278238,0.379779437962821,0.0738847122759035,0.0116144008124335,0.0388923725729277,0.0854364844354334,0.240247317700045,0.00859241389844045,0.433309811933917,0.0563733191334712,0.0134386794129526,0.011916804493646,0.139038203676253,0.114849578318347,0.298969258253175,0.00568697426929992,0.0416274781097536,0.0153747129700035,0.0943952530521596,0.400346024248109,0.0218106165166048,0.03590526861161,-99,0.051932014850145,0.0492447164665492,0.00641616571989591,-99,0.476474858468934,0.352538538235685,0.235451864842828,0.117932600063222,0.103529856402008,0.00347610909824592,0.145860035133136,0.110469592082804,0.178445088930783,0.200850071111332,0.0684358230717903,0.12438290152061,0.034345306278917,0.293238412535703,0.152159610344713,0.246755486167868,0.318294680576326,0.0773256911620521,0.0245930466326724,0.255999526916347,0.0117081513779559,-99
0.249053954956068,0.0210202702711209,0.21854418598601,-99,0.0566362430935009,0.239567790509355,0.00890845166663578,0.129600019355381,0.375347698634102,-99,0.0464013769002574,0.0466993455667841,-99,0.211635720733648,0.0182305239957154,0.1507892664247,0.168631026418636,0.114882138366489,-99,0.00588209325733289,0.0363830855626104,0.0402631763153711,0.293554632399691,0.0714206301893571,0.0229544250317463,-99,-99,0.0220699257738288,0.00601321587009446,0.110594864494046,0.156397774384201,0.0337049445154045,0.0171857757575314,-99,0.0382387979922937,0.182949429193457,0.089438629151855,-99,-99,-99,0.239031211335401,0.135526789169821,0.0159266569463859,0.0809311590107085,0.0446175472178317,0.0304356500440694,0.226356746568804,0.0305967403908801,0.0743851791870101,0.00235721805226819,0.112926824840199,0.0856386748279897,0.204529418137977,0.124639070960312,0.244724372481527,0.107730101493743,0.171407428222356,-99,0.172317383148357,0.031874906013333,0.13908639729723,0.21651282414146,0.109004094509759,0.221896048285953,0.0618085076266107,0.212377940399881,0.0610616720685756,0.0617720224761925,0.0298406426608884,0.141940441885449,0.228444097649804,-99,0.160983037550671,-99,0.0244390595372007,-99,0.206771877341551,-99,0.0491799357995164,0.0908799804326327,0.132835358456553,0.0199187071055784,0.0317448308937854,0.110347837106786,0.0411223741683804,0.0414791189930947,0.041447892797384,0.182379075934633,-99,-99,0.303941987491347,0.335913805504786,0.154142852384546,0.175609814036906,0.107409540114406,0.03548848791974,0.0430974813832509,-99,0.017657761540224,0.0509798698999437
0.10224569923247,0.0684463843503079,-99,0.167665587665694,0.113976285924974,0.0419194542300074,-99,-99,0.0428461658526192,-99,0.0210676412765614,0.11539635045722,0.346317249205162,0.240939960314426,0.00841093647144624,0.555374966910211,-99,0.0536462896577662,0.210177150071879,-99,-99,0.0506977792000474,0,0.0464198118722801,0.138759077244449,0.107460264414986,0.0873032213802306,0.065240449059777,0.331800928078045,0.102322731283217,5.42806502244342e-05,0.130223152918114,0.181111324899317,-99,0.230796048852473,0.0225554216502816,0.53498417588404,0.0261235132237395,0.226540193756435,0.115707678459016,0.117073069027913,-99,-99,0.0564124639652524,0.0901837586863974,0.0277952783103655,-99,0.0315818769935401,0.0296236678739861,0.0787249327674232,0.145856176422657,0.0860713017058139,-99,0.128240855271571,-99,0.0924671160069927,0.165746516857716,0.023689948960031,0.00474383970489569,0.00981116779416418,0.193451050677561,0.0321732038889517,0.482305946616494,0.310600441289699,0.0861956737201993,0.0426126724463093,0.251841135663684,-99,0.0398622825157145,0.0041407034455634,0.00693401654989097,-99,0.076746212669982,0.396723847541853,0.0155779649314062,0.203296816293669,0.0444164546824819,-99,-99,0.0508191329064505,-99,0.141263662331873,-99,0.028570697303587,0.138552427396307,0.000556107009147756,0.00766209741373291,0.0787287736690975,0.0112814908363328,0.190846514148112,0.31391114717899,0.262469377504117,0.000268835737986954,0.342925777966124,0.225665357032927,0.0222442389320658,0.113521264747872,0.0872290977765025,0.101375261141773,-99
0.222838893992998,0.0791158134232897,0.044762197635781,0.0382809134569404,0.198718644427922,0.14697077675685,0.0500120547555954,0.110882868558623,0.155319472366993,0.227274863852042,0.0419486746945802,0.0858539808582546,0.163745810906102,0.012205345209713,0.136459724213701,0.125814280560733,0.139935371671256,0.125053205933189,0.0788042587326828,0.0235670868675733,0.063229830297103,-99,0.0395415990076636,0.00352678323365719,-99,-99,0.30621382123825,0.044423950725061,0.0962424868465128,0.216849023226357,0.0161025273001503,0.0295416828952128,0.0440845600792684,0.273039895645754,0.16489206889761,0.0721066859571839,0.0488143274512181,-99,0.0989288320824295,0.0499613979084295,-99,0.0178657968639609,0.288832764222164,0.182867213394933,0.0201294935657844,0.623864297576455,0.0250061264086517,0.0763380223707641,0.514262418199242,0.119088457804896,0.02761703512958,-99,0.0414213474440306,0.0112094431298987,-99,0.383495588521259,0.0530328966554439,0.124070239270453,0.0312217297026973,-99,-99,0.166666579923005,0.148060048921772,0.0385043776516691,0.00343831524638041,0.0890097536599362,0.456315388897109,0.163887817230911,0.326529923133694,0.622126444980275,-99,0.0186769029543006,0.00670216337719539,0.0136274626566886,-99,0.180148922678641,0.101693677646609,0.21283582777318,-99,0.108501935099339,0.0689094478496328,0.498982907926155,0.195096077001065,0.0380774397403956,-99,0.0808109267864476,0.0481494642113085,-99,0.136932422747165,0.0175988064955912,0.133836920203042,0.0158712972111676,-99,-99,0.414687632879706,0.0760506261636985,-99,-99,0.0598870981739403,0.0516014373306469
0.0465927523214246,0.066580482078961,0.0105653702132148,0.1446535674483,0.281950598519558,-99,0.0314507702038441,0.0528270308584719,0.168510971907038,-99,0.0226867414585936,0.206594204690245,0.0744623040968054,0.0962854906189979,0.568115649632814,0.302975238664414,-99,0.191712359896727,-99,0.0288352107142404,0.055777879660569,-99,0.199641859311625,0.0192910085128848,0.110767280917966,0.141964583006875,0.0674713441901382,-99,0.0552424923713553,-99,0.01366185935198,0.316332238843916,0.0342247159862335,-99,0.184082760839747,0.0168055459154633,0.190676053757367,0.044604072240185,-99,-99,-99,0.00108037757322383,0.411340261300831,0.02869523115574,0.103898991883843,0.000317830902161952,0.0178989112249542,0.0135965408872197,-99,-99,0.062125298775618,-99,0.0693832922010066,0.221555182322471,0.294546266446526,0.0662477710190722,-99,0.707009980974761,0.0185352965000112,0.0230896781358265,0.0668663743463354,0.093757845804511,0.104198322822375,0.109693113347837,0.00400843419100115,0.0877934541697064,0.198038246186806,0.510925390959547,-99,-99,-99,0.42574729174525,0.0523618678099142,0.101670138893674,0.0547959263116963,0.094090700703724,0.124034843329562,0.169800434875021,0.00114814189830964,0.735546585105089,0.109140663472292,0.112688425739451,0.223223923658508,0.124480712358187,0.0712761177099556,0.395687739209003,0.02479850114437,0.0783007035313539,0.120126483047897,0.0139587764313594,0.00107883772733452,0.0575538378411474,0.348907081349816,0.0562171124012646,0.0123933875512386,-99,0.00695969191209079,-99,0.203182472635065,0.0988781938515612
0.0101185198907838,0.0806495462584149,0.0439274427962352,0.18638567491595,-99,-99,0.292990505202038,-99,0.245455230125867,0.12081967473328,0.0755719182893489,-99,0.00647319699691743,0.00777810222338495,-99,0.0159834628724189,0.0728505507246117,-99,0.0173432667909608,0.233822656442301,0.042053273379161,0.2487623274647,-99,0.0285017307214603,0.00689720069854401,0.201658139986532,0.108201132122179,-99,0.00852493830022997,0.199505644991148,0.148099292163931,0.0465240678462167,0.112702397717424,0.00295265182989754,0.209805629991293,-99,0.0767498979208815,0.228639951208985,0.150303197171821,0.00788658896427566,0.0496135738732225,0.231454507963254,0.000322468106159715,0.117382943022262,0.145095105023288,0.0227386993504289,0.211353322061954,0.0928479483466688,0.0983032219052687,-99,0.0776966820446554,0.0336663015008442,0.0152625058561486,0.145141635379608,-99,0.475740620128772,-99,-99,0.0460738375502624,0.00352420147070625,0.0299349465337426,0.0733649514523756,0.0108319002980651,0.116952376987376,0.175768935952815,0.384407935672097,-99,-99,0.148341894778034,0.121209917207205,0.0574418948974366,0.00803677184883096,-99,0.150227399091265,0.0267372270581963,0.00266480969051972,-99,0.0486495205534742,0.217369277249352,-99,0.103077235716154,0.32805842188285,0.161264030373452,0.0926953853598051,0.147359001226657,0.230547109957166,-99,0.222044055369963,0.0493564062839328,0.0666455781881691,-99,0.0544066370346699,0.0438315569731112,0.180145024035675,-99,0.233331119690292,0.0152933689606883,-99,-99,0.146433095962382
-99,0.295574550911118,0.00766499048238297,0.303368565490928,0.259489179139482,0.0677159425274148,0.0255310173163407,0.227652644621462,0.0109193838489615,0.0747704898368346,0.516610024944988,-99,0.0485966987597952,0.0379705554130124,0.121220256759759,0.346966245655755,0.0822568946652511,0.0313369278829261,0.173865140085128,-99,0.0922724733078447,0.0706737349944544,-99,0.17336700371334,-99,0.18835347830425,0.308569644625189,0.0968326681326233,0.466732868848077,0.0485337964057354,-99,0.130230333937279,0.271054609176457,0.0467598146617699,0.510599479092793,-99,0.158291414435608,0.12460669767163,-99,0.0214301215387358,0.0794741061040482,0.450656914820663,0.290720824529603,0.26495975516961,-99,0.0327305105229119,0.503947485886345,0.0301062954736461,-99,0.367853963081968,0.0167317338181188,-99,0.488420135392758,0.128117481960809,0.15090200332993,0.756753043377221,0.0907857532918893,-99,0.069325056117386,0.0188108528656571,-99,0.220284937430295,0.140873170217331,0.0134420632670594,0.00238985228634834,0.360872491789529,0.0899652364925534,0.0371142083017886,0.0818742202672612,0.0271680003172067,-99,0.0863658104312281,0.00779084760164396,0.521068435943111,0.082404619805536,0.137120566227354,-99,0.118500720996869,0.14519069509585,-99,0.0515382639539511,0.170642032173519,0.181074528408718,0.156894765610784,0.0225168449733545,0.163163311243433,0.0391216535499716,-99,0.00789240621425682,0.165427069063083,0.00468988807162972,0.0593319576322047,-99,0.128762590002545,0.00313342626419419,0.0530942019570723,-99,-99,0.376270379900558,0.0511658864475527
0.140825946845191,0.00916483618519326,0.0364228731072511,0.0960540792604098,0.228769984380565,0.0473638476412387,0.121047712518679,0.285842488144285,0.0509276005014091,0.0245664710013001,0.158960914744721,0.380490460486749,-99,0.0479394969286742,-99,0.0666596360200229,0.0311271337446709,0.301769980197449,0.0763592784616637,0.0471401165706203,0.0404858947805174,0.060608673367973,0.578799028139795,-99,0.102373984863136,-99,0.397446615308342,0.110891275641157,0.300581993866936,0.377906710834566,0.399556304999357,0.161637828270325,0.490947474857455,-99,0.0107644526633047,0.0703356608790597,0.0312399731945567,0.10549258662811,0.0778050749573586,0.0170916171401137,0.104747140906681,0.0373697948743114,0.0581389649093751,0.0922337916435218,-99,-99,-99,-99,-99,-99,0.0787055170739341,0.118938485310089,0.0219818792488188,0.00851591377253559,0.0267065843568519,0.432029703982574,0.00146472527416614,0.154265471948069,-99,0.0287158960633805,0.289753374406472,0.199041101880078,0.092028531683257,0.0552375094474664,0.0731475462200261,0.00489381277505481,-99,-99,0.0652913099119902,0.0313146332919222,-99,0.041843012543703,0.0173738592577453,0.00595286489577091,0.00880855558536436,0.10395373337766,-99,0.379793510157863,0.00150328884748014,0.18962794321326,0.033595814518285,0.0227537699363422,0.0433110165393366,-99,0.154717705040661,0.127354577187491,0.00171747532877987,-99,0.0725026978883852,0.112194944816873,0.218853790558272,0.0976135527861687,-99,0.187486505766855,0.164907436242418,0.109868757045527,0.0191980519987134,-99,0.0504919537227242,0.0629018621530857
0.227623363929696,0.03099141957209,0.0559379575288541,0.114526143085641,0.361009745763461,0.287525942675076,-99,0.00477728751793421,0.145851913451053,-99,0.0170098211173593,0.159670115190955,0.213399526880711,0.10178727769705,0.0065478590212742,0.153315128101883,0.0228990383026154,0.0831688533105132,0.0938782312461865,0.325421240962155,-99,0.0597038002469406,0.0368414663979574,-99,-99,0.0105880790822258,0.041170256550391,0.225528640584476,-99,0.201228746166606,0.0292065289447557,-99,0.115095576750567,0.0215665702958182,0.436296100028096,0.0676033181130144,0.205612125067193,0.500363196585815,0.15548961504035,0.184831619272713,0.119932831513973,0.0655489271223942,0.0102275179680967,0.234969796838824,0.00522451528183026,-99,0.0389160006812178,0.215875918423772,0.0737826852822106,-99,0.126125259858704,-99,-99,0.217509024831637,-99,-99,0.00105186739552435,0.119225006048636,0.00670659985007219,0.0666341375081222,0.330447769522683,-99,0.313371156364065,-99,0.0629254640175288,-99,0.0903387940642465,0.247979295704096,0.272908197566364,0.142000634084342,0.00974130211067166,-99,-99,-99,0.113747528908476,-99,-99,0.00651741524768076,0.0972390582562594,0.027729608315447,0.186822627390789,0.0382818525163932,0.304348122668832,0.0657909123230401,0.248035863676495,0.0716382295539412,0.14182924318834,-99,-99,0.189639307808183,0.119126724207903,0.0668638896663957,0.025893322471164,0.202074859390569,0.00935331049312675,0.115699411085561,-99,0.124728825819822,0.26653183446797,0.366099637819308
-99,0.374815683078457,0.103512048143387,0.113828054182349,-99,-99,0.184567656992907,0.182371557918214,0.0299532004028239,-99,0.364888468224083,-99,0.539731085934795,0.32772321530352,0.0189112746535667,0.0915609816385151,-99,0.0269180172635313,0.0449397615426534,0.136019316173071,0.155331355946198,-99,0.0669192713686854,0.133526632467137,0.032100126758985,0.124919782870821,-99,-99,-99,0.0589775970667899,-99,0.18283658348788,0.0457892063004186,-99,0.122372636950045,-99,0.0254364462601183,0.322754154890821,0.201434913095554,-99,0.00727589089677876,0.102557879158691,0.0734480194576231,0.0566784811013794,0.144219047798064,-99,-99,0.135906014178418,0.329922316414687,0.0161097472606871,0.209254452130381,0.112061635189431,0.255945346953164,-99,0.00773286147606421,0.143791772982506,0.124585772225682,0.24119913159534,0.109538778116,0.0402027272594541,0.112851708520448,0.426501748127442,0.0207630382933962,0.237596712011934,0.241763947252401,0.0120816656827713,0.306266951552047,0.126144935574902,0.309931302497635,0.156470250519668,0.0537655085541943,0.177053384481318,0.00136802808450667,-99,0.227549744098398,0.0824322462103252,0.152027559716607,0.290342553031424,-99,-99,0.178882587039274,0.214009932756652,0.324324125217327,0.145710767043514,0.228889559129359,-99,-99,0.0140929026951669,0.0351879941095521,-99,0.0412793831710747,0.7877726120617,-99,0.143792319959246,0.155219209730578,-99,0.029235280947667,0.139128338593174,0.0589605648682038,0.0842771739545468
0.201192403051083,0.0046418529231287,0.0176598287494975,0.0680751108486634,0.0767724962432436,-99,0.0176710688502756,0.752081926338553,-99,0.0476222754794536,0.207329742332305,0.521219409737574,0.00349481633611493,0.0748716701444258,0.00920741363701341,0.0572454283544329,-99,0.0330135193730878,-99,0.172134576111744,0.281716613950044,-99,0.276014470974546,-99,0.00223526946656567,0.293320478843286,0.127273801938081,0.32813688701985,0.0774127761371743,0.0676438474148725,0.0163181137858889,0.0226828763440689,0.0896181143333118,0.163106512320344,0.238415773739671,0.00680388098626707,0.0894068697127973,0.005582711462465,0.127324945398046,-99,-99,0.0495998990362875,0.39625506878699,0.365859391242557,-99,0.0769567198373803,0.169057507147967,0.0275533806287367,0.523370995611911,0.0049843711172241,0.317614606300456,0.266475974554975,0.0739326272767524,0.108267386136785,0.137967369095687,-99,0.350880257573449,-99,0.000206394466789057,-99,0.0542572100836474,0.129227436955461,0.0559630811949903,0.206541893463293,0.261889842600021,0.0483547316592235,0.0617248348495975,0.34035582393074,0.0419652469848803,0.268506590633286,0.0503747602987185,0.0321281593891516,0.344890254936398,0.0639887709320787,0.0210823308968848,0.0862496085885553,0.163902043311813,0.03178195793147,0.0294897676111301,0.143072820801971,0.102452250897457,0.14935223776304,0.0715186992459914,0.384518231379787,0.806166025249566,-99,0.0206976886528614,-99,0.107042531588646,0.0665142474486236,-99,0.281687802734635,0.221871877597231,0.135493993963707,0.0139820791262094,0.0344963767468355,0.0956973524872099,-99,-99,0.0301193031416055
0.0196607878786375,0.155658885081402,-99,0.128567845332045,0.0276515125077598,-99,0.230447165578716,0.0373074284782445,0.0344355327014157,0.0512050588367592,0.0138737248416172,0.0466970923864382,-99,0.114098958208492,0.0197877893084426,0.0527999422505138,0.0961119888052671,0.285675347008213,0.186554786697616,0,0.0930977771585976,0.130801345353979,0.126829083677039,0.0954851127254277,0.221167195056529,0.144031089330626,0.12662066068879,0.0361161446079465,0.012711286254539,-99,-99,0.0496625837975843,0.0151690197622972,0.19920575401968,-99,0.207983061815362,0.239239505729846,0.198829076669553,0.199706065118624,0.165374667589799,0.148252960111083,0.0216705734035712,0.206655329687774,0.0547335391256687,-99,0.160401988099659,0.184007296594326,0.0277049351921193,0.53707893827436,-99,0.158796241150839,0.0348889807458908,0.123698823493356,0.0348099347460197,0.0141345163790484,0.113683370961747,0.0102228709884263,-99,0.271792722242948,0.00343963357089547,0.0558831994867571,0.0592288560464185,0.0415120510732509,0.0907378711607786,0.103518268289614,0.00892750633880893,0.17179071383997,0.0954747150411502,0.0275271215184249,0.118433066060099,0.0583252898744133,0.0357332135959692,-99,0.212979724039017,0.0370387839266628,0.126824576632701,0.163203802642854,0.0577732668723565,0.0510674167304169,0.0343482846714528,-99,0.00177641444472841,-99,0.047565596566084,-99,0.562285466089101,0.0460380153757401,-99,0.139294810249075,0.166082034092163,0.00880347674757066,0.225046433100015,0.0445727599839313,0.124887597240869,0.111513352332115,0.0188526118572787,-99,0.411061069783583,-99,0.000286071228421127
0.0398842740186273,0.0464905830309858,0.0318951030878945,0.278733544780448,0.177521624044956,0.107610970589971,0.362447032539935,0.30226767629025,-99,0.265242244205103,0.0158327527706158,0.157448386007588,0.167281371332064,0.28115424040098,0.00181273043824796,-99,-99,0.420909928301354,0.552616711933158,-99,0.0474451676160062,0.0941332300269853,0.0409598857899121,0.0247538020897269,0.316239794257479,-99,0.0281636303898667,0.107163974777631,0.00822154476652237,0.232503316576922,0.028377177639066,0.0204525398676754,0.0751667970094405,0.367875514181356,0.116838101985067,0.135980091020381,0.0952035485536339,-99,-99,0.0203223869921852,-99,0.161598255386301,0.0536339552402218,0.0113704145443503,0.035957878911493,-99,0.113107677399444,-99,0.172477381809591,0.0324951408570783,0.131108340218726,0.00371559360101881,0.020034790496125,0.0441661225323778,0.166625559156115,0.163924109731127,0.0226343486918427,-99,-99,0.150051403687326,0.247208863841467,0.0304108929574175,0.108998443871948,0.102731285907395,0.0110335603950131,0.251510122388711,-99,0.161521200823355,0.336587644321631,0.08501870042479,-99,0.270788492106981,0.0412630974121519,0.302941936668553,0.240456182337623,0.145671978584448,-99,0.133482200283605,0.21019789518878,0.21534781610859,0.183631784303553,0.0511118958659874,0.00723272870110575,-99,0.703268691998258,0.280803827272992,0.0835052985670131,-99,0.0230327584200123,0.0496876836615922,0.00895959250743541,0.263302726579056,0.214645028727111,0.0683459641132383,0.0208687941140549,0.0611593342744584,0.0292288680100372,0.22616717211467,0.0360172636312753,0.572277189636527
0.700494235173453,0.05023091101049,0.136894883138201,0.0405917260085813,0.376194272772003,0.0900728897031782,0.510509632587012,0.120445607873972,0.0429399855745656,-99,0.253446769370505,0.195325228268692,0.015890465068456,0.174038494688109,-99,0.34661284649807,-99,0.0505175355460443,0.19586649928023,-99,-99,0.00136324800940393,0.350288924194633,0.220424463070322,0.105131785160777,-99,-99,0.00421756584945863,0.153042664019463,0.250224445451681,0.0907180478921059,0.139086465791675,0.000263177705323655,0.00614879516014446,-99,0.338152939691802,0.0686004844042461,0.122669799436052,0.0327858827166886,0.00294791942054863,0.092461682369911,-99,0.218187940303362,0.149236849771292,-99,0.196270699098024,0.0217286764355962,-99,-99,0.212457489764765,0.057731275400438,-99,-99,0.228444551808663,0.117102889628594,-99,0.126814715057721,0.213880274127068,-99,0.0302955015351918,0.0346777112366025,0.0411412758393216,0.263971182543262,0.10914447110014,-99,0.146029484641306,-99,0.322422700463093,0.206933356949178,0.0301415373746673,0.19101787696535,0.237160245775399,0.148076639050079,0.0344670467493286,0.216823610529633,-99,0.255609962757325,0.0452548568891164,0.326722226775037,0.114711691340656,0.00542256831242185,-99,0.166408122424491,0.0581421220297969,0.0910697468986897,0.0724840220662033,0.0953378456370831,0.146321651881272,-99,-99,0.202375468364846,0.0620718653306818,-99,0.00282522282412654,-99,0.159225600920147,0.0172570942493147,0.0380490654235247,0.215320106356365,0.0731422535479759
-99,0.194187903259293,0.169823748477295,0.0474533830070765,0.107717894631334,0.108844844157283,0.0224323044050725,0.274391929279333,0.166273254984361,0.380755742769174,0.0329967920077224,0.0842045046240873,0.00677555953468537,0.0472103218792358,0.271890982715926,0.0020510547598024,0.124200533106699,0.053894973183199,0.143762279630586,0.00770605147188774,0.108907198975454,0.142891304787542,0.109448176881756,0.0774732422549841,0.376119595337986,0.103465094830242,0.146747104416955,0.0507523483725772,0.235319594565909,-99,0.158988527860033,0.102531919780175,0.00277767438450678,0.12894054526453,-99,-99,-99,0.23232653383644,0.240622616603071,0.364119169865333,-99,0.309218356705339,0.17146257832996,0.326054271616477,0.136787469868203,0.11722851537929,0.176815601038604,0.0566376012659763,0.345159250640641,0.380937566150074,-99,0.0849131061337151,-99,-99,0.00442769005304291,0.0143938775003356,0.00496989974691799,0.103719542948325,0.149942996606358,0.007542645172713,0.210838872706453,0.087950853094288,0.381115013201081,0.0977809963982354,-99,0.0464600440883302,0.00960039705773266,0.0257877305908069,0.0338810199077179,0.140536987215539,0,0.187627834437158,0.0100693106719962,0.127888152087977,0.0349971188331552,0.208219700502887,-99,0.0774342722299532,0.110892582519726,0.43241711770586,0.0567373983509155,0.0410365632782642,0.0553557007948883,0.0104437629234054,0.0991507156930361,0.0732307058029649,0.12714377090769,0.0626955039273282,0.484381251473362,0.106844007671796,0.116817001437732,0.285637623281133,0.0101018324320458,-99,0.0391250563845848,0.10966856503571,0.140089770659847,0.149822830029223,0.0456440863006735,0.0377783418715059
0.0531978290088294,0.0417845972605292,0.272826372131491,-99,0.0646562417390439,-99,0.0925646980546995,0.0585420670542852,0.041791230654474,0.0174566643511699,0.0403399461720269,-99,0.0209142772048584,-99,0.0583678474619352,0.0623736991459366,0.0977128445382546,-99,0.373306636562763,0.0565526357956423,0.3180106436097,-99,0.0524997563726424,0.134887704161673,0.0672299834004236,0.0439412149121596,0.0891053869345416,0.0184337435874505,0.120870316032522,-99,0.0930566477064383,-99,0.0878697841498801,0.10565477888545,0.0664908934102103,0.0162623194414717,0.0819873957983909,-99,0.187355889541384,0.248590980721859,0.00572664055435767,0.147681976088719,0.288155156925184,0.0824114126993504,0.268650656003427,0.00853846005027911,0.0280135788616784,0.0380757223306916,0.209894145608855,0.0412054829894553,-99,0.28732543144659,0.424522495740388,0.143710162580944,0.0543693713070369,0.14824669507673,0.0090932955112252,0.253793295847993,0.0129530029861397,0.0674267060805398,0.189307414592492,0.458296560395474,-99,0.0622666152198499,0.439577358895393,0.169565535816354,0.23378569048882,0.119367202173874,0.234638929626894,0.0795973259506097,0.0194660240924504,0.364895110235016,0.407277766974636,0.123396101005712,0.0904875596370845,0.256129262857941,0.242661729442212,0.0231625023446502,0.13385817929425,0.0930551799487875,0.0623793124517277,-99,0.154954766570423,0.0886054440376955,0.126743414861871,0.00506984340512082,0.133164442099484,0.0199018056077738,-99,-99,0.112871089253605,-99,0.111468072697028,-99,-99,-99,0.0972068000717288,0.0419640413521122,0.0477715811360685,-99
0.11899228957275,0.0418223569242931,0.0503865484167596,-99,-99,-99,0.304883603812983,0.019592856517086,0.0119456527332908,0.250775717734875,0.00301604173706993,0.0528610812968729,-99,0.233142361785651,0.032155676707197,0.128881312552466,0.0952030280408885,0.0641356943082225,0.00126290359123282,-99,0.0794231724929023,0.0506429061639737,-99,0.0563877876168386,0.231331272292627,0.0579039776526854,-99,0.0155384978620824,0.231722356612883,0.00943509815995164,0.198244615954653,0.0462699940597361,0.109135673157323,0.033766172889479,0.087911719366186,0.245901541189695,0.242921768788208,0.193679434656638,0.0714531508991207,0.115859575847779,0.371322852106293,0.0242442872452373,0.144437636081619,0.0831629863543945,0.0041901425429407,0.0975671829414563,0.0308350996327926,-99,-99,0.29763524752148,0.268392780052272,-99,0.400676755777307,-99,0.155790060762744,0.370549787942301,0.439758909923163,-99,0.0212454919956317,0.00502540914582308,0.0912291649841225,0.19462794528143,0.019571001434272,0.101799029059336,0.0953921186135214,0.0552649348840869,0.101388106401204,0.0359902052909623,0.0799902624728667,0.157111024373823,0.246352902228276,-99,0.0391592962959722,-99,0.0625676326094813,0.0656497410051453,0.0561289508592237,0.00192014139966861,0.143549042262705,0.0943756060631926,0.0673027895394308,0.171947480975257,0.0615386727976068,0.035995949180332,-99,-99,0.154246061035981,0.0225557405930911,0.0530036993618081,-99,0.0891424046968589,0.0522643861086563,-99,0.0440256558535895,0.129135085661538,0.0543696666411396,0.0104521251242733,0.129474708539051,0.150094504635499,0.0208201470290584
0.0454247736631559,-99,0.182225319749034,0.0872054046782037,0.220960987627015,0.107381421662984,-99,0.0350272018567373,0.0327754299990757,0.0226895778481704,0.0821577126350404,0.0704806698795367,0.0644995367341031,0.0208901924227306,0.11882499432731,0.00514972585768776,-99,0.107099253745568,0.127394956186698,1.41895499012601e-06,0.346085100105062,-99,0.253618696374102,0.0120960929089116,0.129520659599077,0.141045121869234,-99,0.0420148819145073,0.0144635092685012,0.0480275315573129,-99,-99,0.0135738225220603,0.177937973209099,0.111881744017255,0.0321121491685497,-99,0.129320558778248,0.34083203859091,0.00216245371851201,0.0375237258316278,0.0711679885273299,0.0104379183431736,-99,0.204535178970205,0.0349874409140349,0.111029130748284,-99,-99,0.0240411812109206,0.119717256124179,0.242131048740385,0.102881160262057,0.0982640622283423,0.193616232492723,0.125712151232631,-99,0.0422807061498425,0.0234740713717976,0.0810943738764159,0.120023071065785,0.139692914277606,0.0688947899119597,0.259005086203986,0.274535992782667,0.0205204068019579,0.0220092133846669,0.130143395206576,0.0371238978923858,-99,-99,0.200729288763623,0.10907318385647,-99,-99,0.0905906202896808,0.0571080907472007,0.0998261260837904,0.17028865420857,0.117715181961064,-99,0.107545444164317,0.224318280977245,0.0295478327208892,0.149489389778189,0.173077827876034,0.0216961379508768,0.0711505153837064,0.0550324069525932,0.0114533110818379,0.277167757556543,-99,-99,0.639100577745375,0.145934710369552,-99,0.0771111228520605,0.0694929550212637,0.0680696301941,0.754878969941138
0.0798145799189249,0.138257340709798,0.436971840410961,0.326230335134107,0.269909400900538,0.0137555669096031,0.159176102621565,0.330620047029953,0.00528607701819676,-99,0.257880918749825,0.0165506127272308,0.0377129614193876,-99,0.249107090639271,0.0528151650974372,0.060767852715221,-99,0.162376246202038,0.00739294822896048,0.328948885972877,0.0871561668726424,0.616235199361437,-99,-99,0.0201533012136586,0.165440740305162,-99,0.0364579298791245,0.177967647556057,0.0133790217924512,0.205018165468361,0.34810924922878,0.116347895234744,0.177878506696331,0.0778121384109094,0,-99,0.0816679684703673,-99,0.413423963449631,0.0410146470450072,0.0570162139416148,0.153046697628928,-99,0.0867712954094551,0.0972384362289416,0.00618650927873991,0.474941060477326,0.165351510296251,0.00164782322665587,0.0313481566483144,-99,0.00776249081468063,-99,0.0401234629489324,0.217593278255983,0.30286722727175,0.0192658534253775,0.127593986111711,0.330566855060915,0.305395959617224,0.0279108475163163,-99,-99,0.121973707008062,0.0407700358208132,-99,0.361518005353114,0.168275645426041,0.0241192769768532,0.158118692165728,0.0524454350668967,-99,-99,0.0809854828673291,0.512322238308509,0.444656024624731,0.0201847777835912,0.2462154519606,0.0539018890600171,0.2448654175607,0.0529590515656957,0.135483587746537,0.143715154560051,-99,0.146537528833681,0.154881675645131,0.0942634336083624,0.244510257653979,0.0886538634446716,0.486813186321151,0.0579537209295952,0.00309472775370947,0.236399732659043,0.0182397773008405,0.383931821040198,-99,0.132057020470045,0.0354002551472149
0.211677217246568,-99,0.0185938848689743,0.10630145316087,-99,-99,0.264000363385034,0.0777122138593176,-99,0.0160588425182541,0.072237321981653,0.0921114448880814,0.0242485129638072,0.0524228280816512,0.0336258549051345,0.000759926715343616,0.00372567216573798,0.012931973631945,0.0571654325297811,0.0335747061609123,0.233567062744768,-99,0.00616410934224369,-99,0.108269521675507,0.206370817950254,0.226779254802985,0.110365720015282,0.0664566808018379,0.00745350231861306,0.0869660185921881,0.0449749725287235,-99,0.00629828213245595,-99,0.0272629893095363,-99,0.130126863575044,0.000342339889011615,0.68346401293943,0.357090315156338,0.0835858255957801,0.088054139110625,0.371833292832688,0.172165444016219,0.0113259078663208,0.0351825829307387,0.260766835472445,0.118896686029333,0.109492251796304,-99,0.1021664937871,0.140984369997566,-99,0.155020076204453,0.233192250756633,0.0623265122691179,0.0479104159315761,0.00482168124924308,0.149581931583135,0.310299877583482,0.0616548418875968,0.176729883799592,0.0737589018158774,0.026259804779922,-99,0.211517323837052,0.0932839501448134,0.205179285431543,0.098219823153003,0.117973806213146,0.283939355583891,0.254606499466636,0.166689665810188,0.101449233975963,0.0583862294711062,0.197532993062252,0.0994931744329938,-99,0.079252868870093,0.26963791259618,0.394310293996895,0.144921321178261,-99,0.217119803324076,0.0762022276102608,0.0176615924249377,0.0694938961602657,0.140822334588335,0.0647261642824064,0.0865767547559475,0.28358005345067,0.0918972222016929,0.138298754851143,-99,0.369105876495398,0.0283731907233211,-99,0.281956167492774,0.184541121124298
0.159581289430832,0.0382468381193423,0.0320079188194069,0.229731504319903,-99,0.258737605769116,-99,0.0117744122145009,0.137415375945623,0.0285788428285387,0.0350167208214268,0.195294688632217,0.396039048915255,0.163846702120902,-99,0.0530823853219669,0.096770126869727,0.00935549774416837,0.140875609829629,0.358530956151122,0.0258296913388257,0.2601138318699,0.197208674102054,0.0148291685673329,0.157520909801326,-99,0.0548428018016787,0.359764428376557,0.0135898018592893,-99,0.0292921752254244,0.0857798673732714,0.122233659719685,0.184114981303702,0.0312737521589119,0.0105143523205984,0.214045842508049,-99,0.000302945657742419,0.0329941719821766,0.150105402102779,0.0701647092932478,0.19769014012581,-99,0.0172376745289073,-99,0.359778784043855,0.127388536398261,0.135499480698907,0.0958105294610621,0.0100961398463209,0.0967998138373253,0.0856685116651727,0.526559352728437,0.167538541462137,0.0996527645310172,0.14768890209792,0.579503580828798,-99,0.0892522259161505,0.12718557605595,0.031419499527913,0.030246655074656,0.0407320148789141,0.0705493909327261,0.0125345955492012,0.0417889271057368,0.0397929523522,-99,0.129064214704367,0.0800147364561147,0.334327073055379,0.107720684592018,0.179511093430906,0.0500213481924031,0.0110069071144732,0.0279361706739293,-99,0.0653369150016236,0.00786114736689616,0.35734741056328,0.0145240044799711,0.276633710686888,0.0123958292250703,-99,0.0475310984445206,0.0802428929057925,0.028209144026215,0.0539618717653935,-99,-99,0.183488507998378,0.302444636832289,-99,0.0676897847141525,0.0462061501031404,0.111055110035717,0.170158859968414,0.405396834975651,-99
-99,0.0980751078740669,0.0458630483959882,0.201307265307035,0.00322513754306315,0.196649457145464,0.257918469291472,-99,-99,0.278067786902193,-99,-99,0.121694501154125,0.00990285847081986,-99,0.0185747986756242,-99,-99,0.18110994735852,0.113330868347457,0.236714490389596,-99,0.0200394770764746,0.00683501508809937,0.0530577107945295,0.352101842627411,-99,0.0179627700178209,0.0168785292418515,0.0662177174800345,0.0317923364445182,0.080177223145949,0,0.15418400898995,0.160603041609865,0.119976124078161,0.0069754442052546,0.00868870671707294,0.258265749963849,0.0954451823824161,0.0796764523653623,0.25711078093688,0.0512381718690418,0.212878736414476,0.0326273289361484,0.631663235107545,0.0593114185286433,0.612096699312253,0.110468808642726,0.0247517717327865,0.0501106823815083,0.180194333131485,0.404903742561739,0.0815239794711928,-99,-99,0.0818283130036924,0.0278708378782092,0.00354044523209909,-99,0.120075211968769,0.499712822195273,0.0458462676848086,0.0451550484858275,0.0374705456779774,0.274186899630497,0.191166370324319,0.00913837449482077,0.0951117220881286,0.230025245179238,0.0549952536871571,0.215679835668214,0.0664614005893261,0.32812844210614,0.21501162685404,0.325355727194377,0.246342196851414,0.00683963232801309,0.349782618849924,0.133137776266434,0.123078920490369,0.0406015279375835,0.15629616436279,-99,0.21424095290801,0.125992304309613,0.359466998663318,0.142724921717744,-99,0.0677103302189695,-99,0.411454606352087,0.0330344432592951,0.152031207022354,0.00284632456595149,0.256438045576746,0.00221269437336368,0.190567795802497,0.380618702437068,0.059681690760104
0.182428666186379,-99,0.126146053124586,-99,0.142436034196688,-99,0.150064655211894,0.0650656275438356,0.0553427108354131,0.257557758538378,0.336447740551758,0.109337884109128,0.0940523983736825,0.263104876407684,0.0151448401117177,0.0353513546570995,0.315519263337596,0.215689608984937,0.235667271592551,-99,0.0167087133915821,-99,0.0697182063653683,0.0209517595191526,-99,0.0786570307053259,0.0844259131860509,0.234832206710142,0.0614103271190964,0.199998005093786,0.127393104180734,-99,0.0929566426881432,0.0194714463430328,-99,0.0447632550884088,-99,0.259969832961612,-99,-99,0.073579486180611,-99,-99,-99,0.0805022638996606,0.00560578275185384,-99,0.032505444754455,0.0168191204199384,0.632371500376529,-99,-99,0.150319311145568,0.151831457722952,0.243544326285181,0.0848016435297351,0.0378538274595758,-99,0.0538200989197382,0.0886287752901517,0.209376691017116,0.433683017690577,0.130516896593959,0.0212784636843265,0.0124035130528576,-99,0.194891689069586,0.369876741797961,0.326629466782023,0.0659360858068409,0.18341708195645,0.231016365957207,0.103475296092145,0.294306504700532,0.0158773895180915,0.251765051150142,0.0630423387421604,0.0503609634906452,0.0623010103993237,0.0763422935642997,0.00796236839827945,-99,0.0450103674676288,0.00784072092943233,0.241379236323097,-99,0.178049919735167,-99,0.0741969395844417,0.122631234196117,0.174054864265954,0.138636779292404,0.0186671675385113,0.0962324095141883,-99,-99,0.370686688011814,0.627527719456079,0.0107435099304586,0.10368404217167
0.0931797325521731,0.176770695138182,0.0313838727393874,0.0594485609324916,0.00676433118774139,0.0759598780325246,0.305865767632945,0.0118024096786441,0.379414919645321,-99,0.00679781576685961,0.00155223542541391,0.0144076451735612,-99,0.0363771754953769,0.0125317404783463,0.148009549575849,0.230098420123389,0.374754608902704,0.283632197088463,0.025603497279886,0.10272621214131,0.194205667331032,0.38573665289768,0.0137029152734122,0.0348533025179994,0.279841425716033,0.0926731924760949,0.236773720672266,0.318334079521694,0.010395601414266,0.0233513545186242,0.177567466192114,-99,0.507226196718581,-99,0.253054448229242,0.407782857801027,0.307362089708056,-99,-99,0.0760713896275643,0.0338558662870266,0.0140324538832418,-99,-99,-99,0.0408103057897456,0.0872256413662039,0.0549759118554321,0.145256251204932,0.0418982998371086,-99,-99,-99,0.00854665516947224,0.0639969656425413,0.0122413700940599,0.0611301676880575,0.0142990961152871,0.0230854524945483,0.0077224075245927,-99,0.0321827184441265,0.0512189687172438,0.072682125957221,0.469031639713443,0.178864352155927,-99,-99,-99,0.0299822337895296,-99,-99,0.0138561209148711,0.0872021182356211,-99,0.00572472109232255,-99,0.0170797395769836,0.00253362844743481,-99,0.140669021934306,0.163626095558643,0.0580640807723457,0.106224394190052,0.0222234864629412,0.228415020426629,0.0624800541033523,0.239454198327627,0.10962651887599,0.135814949796035,0.273101491020105,0.263426084067639,0.0213896584978502,-99,0.0672012308193182,0.16323695918449,0.155372485973436,-99
0.0508787825728428,0.398247942224694,0.134533519980891,0.220703398213264,-99,0.0947589165125267,0.156802911737474,0.313311145395282,0.0275197497000212,0.185475012640943,0.100170836628302,0.0439073331502652,0.0416237885352108,0.0102444895531524,-99,0.104114616900512,0.0241076642275562,0.20518921941489,0.0916431097379117,0.231886174420005,0.0141076855472678,0.01869328496815,-99,0.051203333252465,0.0267774621423344,0.0961962851733032,0.256226892616206,0.59009422616907,0.457242219290486,0.0377125977366005,0.163363783964601,-99,0.359186556759407,-99,0.320593027831558,0.370963670104774,0.416868831319601,0.0449665547134293,0.02276712872963,0.173199919566936,0.151794363245822,-99,0.0078340423629705,0.135176413460573,0.386856592947911,-99,0.0385334035132502,-99,0.107267125912564,0.000836842615713019,0.159763312762641,0.090135577765912,0.0518498484233031,0.170691232830302,0.194083530513682,0.1260161923649,0.772328982756423,0.011455340105378,0.00619658126333921,0.0950685488353249,0.00499876705714514,0.036539457777375,0.0589921176088266,0.112749290320644,0.131374509072303,0.0151857453487142,0.325004324960218,0.214432379602829,0.0180203268514699,-99,0.300580894175304,0.0113049632819658,-99,0.0870414258430918,-99,0.110840156988921,0.237377080403622,0.198754019519699,0.103197811496334,-99,0.0972254487773256,-99,0.0319113402370559,0.175280937608167,-99,0.308148075273094,0.158349264501804,0.0616304372903232,0.0100327396711729,0.19182072874735,0.0353814336036509,0.131963943386942,0.255673114080136,0.0396510881157904,0.0915883075090196,0.0360617368381476,0.0492056268775795,0.222891072602,0.147013687299136,0.659336727488956
0.00350712168789867,0.0691134583382403,0.242868707884716,0.0795262532831968,0.306855631836635,0.725217963060533,0.0196027327062228,0.0978772872802055,0.146245729621223,-99,0.0712271247422815,0.144242542542892,0.0549452031398557,0.0313499715492842,0.187430295499087,0.024225163851879,0.0912002736588938,0.0435618902569096,0.122364786097264,0.105647507187889,0.0946679916162448,-99,0.0141933508102317,0.251844019762595,-99,0.0728724112982045,0.00273557451206299,0.223472299607421,0.351195580339252,0.0514016464606803,0.101453513011156,0.14292943392513,0.404279472815947,0.325706351830201,0.0571451740599554,0.328850771901459,0.0246372286217453,0.124411454035277,0.00344451475112692,-99,0.429664788855923,0.150929542432191,0.780895066515667,0.10152517345401,0.0348985031408927,-99,0.198258398969364,0.0162299220429829,-99,-99,0.0354526741946801,-99,-99,0.0756722280349557,0.249685951023866,0.1970181678684,0.190589013576585,0.306374545102583,0.135535612716913,0.0169086189060475,0.380315862713231,0.095360675787581,-99,-99,0.0990167711690922,0.106237893024259,0.515963349312163,0.00269314061447378,0.208677294946408,0.0478955215249814,0.0780091561145604,-99,0.0154112507444023,0.144768070154657,0.1575711199206,0.165625836851875,0.0669802600246738,0.0638048662915478,-99,0.217562294712353,0.181753292948873,0.0324615756498635,0.0309562140518618,-99,0.0335891949094821,0.409233419621889,-99,0.214888829122162,0.0845388988804464,0.0147489801905166,0.041035564238882,-99,0.178925449119273,0.0418735968839677,0.0235972308923057,0.0814665814962483,0.118796913271508,0.000931204012849847,0.0121743666335572,0.163181929791131
0.04725125206979,0.0699508646499186,-99,0.112084792197837,0.167476930446889,0.0423571850346548,0.0522663162734804,0.0573603838293949,0.00211524189361939,0.0614657788233501,0.0358135469246834,0.0400713218176655,-99,0.0900622910723928,-99,-99,-99,0.0314633076701596,0.0594663235077929,-99,0.160637861642418,0.256057355004269,0.389299217327328,-99,0.00176744821156762,0.00835007407282526,0.278904647922306,0.0316517284799183,0.0365663685002199,0.0895033810050355,0.31698623484404,0.161416792260119,0.529325272911813,0.158089484401112,0.0850594758202368,0.150685212867681,0.470176610259262,-99,0.268033604584664,-99,0.414905166185277,0.150792066472508,-99,0.126787370521546,-99,0.000160960429454162,-99,0.282364091312933,0.0209351088080589,-99,0.0364436323000409,-99,0.142030532739486,0.434017280148777,0.0808643874413325,-99,0.231237329086981,-99,0.349198122874255,0.169500460955477,0.153138648222445,0.0056046152885523,0.112025556987235,0.230746959056122,0.0388441921618774,0.249179946324908,0.184745272375576,0.0557088233739996,0.279840057933489,-99,0.0648708423915716,0.0662828547969699,0.105773307642418,-99,0.013295300822772,-99,0.164959653239989,0.0369797745012905,0.0625152758496753,0.328617247111108,0.166133210828051,0.0524127143813556,0.0166740293088305,0.0295139553314912,-99,-99,0.099297586232426,0.0299108172150578,0.0205484226923078,0.2593975189525,0.061537266886762,0.31485163598514,-99,0.0251516256396011,-99,0.027333053698694,0.0401181284831798,0.23147284719561,0.0331156890102359,0.045018671742526
0.203046604677571,0.139515077236662,-99,0.0320619180330817,0.0351310894032464,0.299026315343379,-99,0.387381177878792,-99,-99,0.359195844977716,0.224834083756371,-99,0.273167054552027,-99,-99,0.0835394950282937,0.222688347441787,0.0262839610907513,0.115012857026588,0.0968452635541785,-99,-99,0.118572936194185,0.0572238457547653,0.473892542483844,0.0253230787410399,0.0904158522270785,0.0245622096186082,0.0145098540181208,0.0168821116369446,-99,0.000608351659043062,0.0087951770271836,0.176828077264138,0.100867143835524,0.137662688904462,0.0743664669221745,0.113131227010462,0.0392912411519611,0.226397615009876,0.110563320716935,0.0349338476931927,0.0918256109053714,0.00503619493366015,0.069679095377502,0.361481503373675,-99,-99,0.256389349546879,0.00341420609988781,0.0173113475703374,0.141208026419094,0.37953439116883,0.106217190256905,0.0374087120346856,0.130115219059852,0.115557875099416,0.0864996451541052,0.124262914682411,-99,-99,0.469054335350415,0.0740715806386013,0.284688959539613,0.100945137585031,-99,0.373810888187213,0.050009751039376,-99,0.0406507164233193,-99,-99,-99,0.140691290828779,0.238360980832522,0.054053214146307,0.124035682051387,0.13607367391093,0.0533767372903642,0.0253732415604387,-99,0.0877989344781518,0.110259126023651,0.14448334449776,0.0168785709530863,-99,0.061370175977146,0.116833262851245,0.149433399196603,0.0315094504047127,0.272968132514769,-99,0.0662040129172548,0.20977731109287,-99,0.133468570570482,0.101840431169733,0.0301488940474195,-99
-99,0.0686274087030163,0.136513931886373,-99,0.101038792173711,0.0173903389488226,0.272622985397751,-99,0.0413525735437866,0.0565979537987861,0.00851204498397,0.316037753834077,0.0320986884363631,0.0277684141232712,0.350893372780781,0.135782228698151,0.118378013701602,0.0750313851653171,0.270767334074317,0.0498290985308343,0.286124339393549,0.00951827551021767,0.00321084252620917,0.053031851739614,0.177095392462509,-99,0.207687209335429,-99,0.0968971857852267,-99,0.0661811191964085,0.143805315454391,0.45034743658951,0.011615524590315,0.0597379078584726,0.0465161633265722,0.145941454395711,0.0832496449884905,0.207776613873954,0.280780115057437,-99,0.02916041688974,0.156467061405689,0.0154239331355326,0.0281008558070155,0.0542228881655199,0.178010411146153,0.0601533573613091,0.0242798426033605,0.222025496144635,0.0426352993557734,0.110400418086975,0.00339443606105769,0.0713928838300038,0.162696692814689,-99,0.00465415055501089,0.418657146852154,-99,0.0193646992997417,0.174006786860573,0.0272711523828377,0.00915579964328456,0.162093559120766,0.0948286659914531,0.157713541507405,-99,0.154508679490976,0.217148884010362,-99,-99,0.197019558784851,0.0379220945377581,0.060907326025038,0,0.372509166361018,0.0169383911340947,0.0357706885123157,-99,0.0736923990209472,0.0512667863573406,0.219779096976847,-99,0.0259429072392594,0.109610215472855,0.436493055588001,0.0604294873848837,0.104772225583798,0.130171933782405,-99,-99,0.270460101924672,0.0816816070848092,0.0790891462780403,0.0879299434946607,-99,0.027698317093114,0.310486426809302,0.437992462709309,-99
0.0421563727729343,0.128926122450829,0.0894763079544514,-99,0.494068663842863,0.223607805786855,0.00963231813993883,0.196022031877071,0.0836630541942491,0.207021244626484,0.124584780850088,0.391728151308172,0.0840584000965519,0,-99,0.0698036523048246,0.507926929042165,0.0193753136439275,0.0186179578396509,6.26054211135467e-05,0.218769954723257,0.0556841874219852,0.0633539137295361,0.109515274248476,0.191792571298039,0.126946311495368,-99,0.519779754287705,-99,-99,0.111298326665983,0.061629267128578,0.0581450804973776,0.014917089675753,0.118463333636546,0.171724059388327,0.0601718708145175,-99,0.0229535712138553,0.0212171331127242,0.0647674031579484,0.119197353354061,0.0922244882437666,-99,-99,0.0427187136209042,0.0321878286444647,-99,0.0881027753463612,0.0277136816062602,0.117814343278975,0.103494602911189,-99,-99,0.113439089227341,0.0860995521170393,0.0427763812687086,0.0669210225156603,0.229150700927545,0.0678033342542425,-99,0.0506572876108866,0.0443271583862208,-99,0.0447100462183834,-99,0.0401746099947351,0.247843019334078,-99,0.154194877388645,-99,0.0150648387981232,0.117803293067371,-99,0.155455545915654,0.0279330329248774,0.485202444808422,0.00598684632726587,0.0377493527782278,0.0670076423468474,0.0828891269139558,0.101459671673842,0.0654763424181946,0.0745226504713671,0.0177682466480284,0.535570657689333,0.229299220396321,-99,0.540282974913864,0.186928242738648,0.158598170734483,0.139566210238542,0.00579948489536697,0.192908124857916,0.061958486917721,0.10467584289336,0.0848935827089207,0.327761693859848,0.233659632024646,0.13987848807867
0.131168413399329,0.0913816196489557,0.0633872506217103,0.0896858926044452,0.114614162893174,0.0796216017903862,0.223495491581769,0.01757957865162,0.0956732117857558,0.0140974179287082,0.0358787239911413,0.0222678227178238,-99,0.0202980378408965,0.100999905243232,0.0897608932943437,0.190236514668386,0.0681344856758888,-99,0.0756686174031467,0.0722420971178835,0.115288293213875,0.0928848308109638,-99,-99,0.231202729999065,-99,-99,0.0215359206672346,0.229680341716605,-99,0.0695039245567621,0.139860154092714,0.222687508923576,0.00900296714217164,0.0151860348853254,0.0624409066007667,0.0244370137469905,-99,0.0915483842781707,0.0610544159421341,0.193140003856089,-99,-99,0.0170307161221272,0.259534581131301,0.0467312787382581,0.211534990010732,0.347368023163932,-99,0.0254534026854886,0.340939470037213,0.101285645408851,0.0457339403318808,0.0269618020663888,0.00844612986076779,0.0709466621186382,0.152871619164997,0.0462661242249193,0.0154688852126375,0.213428056681517,-99,-99,0.0960117545152067,0.0464366476975407,-99,0.104492379482705,-99,0.136942063151901,0.129080867919467,0.0242951734925216,0.0758042286533149,0.000218502279020463,-99,-99,-99,0.230312029943528,0.00944820621503319,0.00714842855597125,0.127068556475492,0.000440975681178482,0.115931299855495,0.379482711117165,0.147933786138675,0.0926595213515651,0.0158101454518302,0.208047197719323,0.291832314400254,0.0335258784419327,-99,0.0234929700013535,0.0964227212457381,0.211587374915507,0.205529901951729,0.0880204478662745,0.546163783540976,0.0719274649418326,0.0102901056761078,-99,0.0450472932954434
0.00975100944804932,0.339987200631714,0.0493165425748599,0.142244036079755,0.231999700206752,-99,0.144723365888716,0.051201204136001,0.20872129421031,0.0852380284405794,0.000930835539535825,0,0.141209762284685,0.0981895839744668,-99,0.13999017345997,0.0940422280645949,-99,0.260958959713532,0.269517762211393,0.250393252021384,0.0160292537087058,-99,0.0768884043948805,0.0547423299643544,-99,-99,0.166251872270122,0.121251972593461,0.149676445269265,0.0569251318761783,0.122600407703154,0.0298110545722053,0.177746669433095,-99,0.345525112499903,0.322669373003375,0.130184803614643,-99,0.56926197283746,0.109214521659666,0.0112340253647061,0.50181311148719,-99,0.0594466988655979,0.239292791997255,0.0795165795219258,0.121413261707527,-99,0.354106688867271,0.0897250704297362,0.0188514993349621,0.267606503876689,0.0558936260416691,0.0103162505659749,0.24830217511969,0.0802072047978816,0.548798857486104,0.122041438116692,0.0307402214439561,-99,0.0360404627849905,0.0049033057153943,0.0864995606023751,0.121273796106314,0.105426038810374,0.00929996721343693,0.307548046899446,0.308540593598526,0.060398934259211,0.055392381591258,0.0682556294771261,-99,-99,-99,-99,0.0863385700776828,0.0472584515901569,0.0860097877415807,0.04758468139836,0.384530842171594,0.0383104668762447,0.177538375973912,0.148678741558764,0.248161053338557,0.111375723358738,0.221284172971407,0.0263154602633461,0.0269151823971911,0.172869484524804,0.126031686822513,-99,0.133660719456008,0.213221051463177,0.145779913390491,-99,0.0725812420019959,-99,0.0478549176766936,0.0869879807136363
0.014396690270702,-99,0.0180700073093551,-99,0.0408898783191506,0.201997511256743,0.171031975772635,-99,-99,0.179045389860165,0.0235487804614101,-99,0.211531649448331,0.131341993761234,0.00671633334152099,-99,0.162109344794821,0.182314034046032,0.0916248193759307,0.4049252101474,0.14209779395314,0.190196795447421,0.0906686511085903,0.0574471346372264,0.327271747431142,-99,0.0407220885798699,-99,0.13670913961949,0.0819376070283148,0.00219375627063696,0.104756416089162,0.375691959172645,0.366544677568824,0.218599619737534,0.0312071884131906,0.04288112121753,0.0904662832865801,0.00207539831980137,-99,0.401559610460739,0.0628276250074644,0.112951013523199,0.0876562255755713,0.00777992601132891,0.170930493449813,0.289712321792598,-99,0.155519587458509,0.0179126813588825,0.11501039917734,-99,-99,0.0854001207994411,0.0603898328971447,0.305682308059959,-99,0.165723074870019,0.0885901228700203,0.030684517533164,-99,0.0181512104997284,0.19441954864538,0.000208555901446408,-99,-99,0.001039643726527,0.0748151708072364,0.115842178362038,0.0847743565436958,-99,0.10094671053047,0.00489442170819759,0.259849109495321,0.326500515858446,0.214254007373274,0.0965342440015348,0.088576822307349,0.248971074880803,0.000178728560101619,0.319081361118719,0.193991202649141,-99,0.0673522915776122,-99,-99,0.029895751238698,0.0727562580280293,0.0977151397069137,0.368399433693801,0.000309033124712845,0.269363802035098,0.163167212298177,0.024550878464445,0.166507895895557,0.260336529008418,0.327300740379408,0.0120666475745924,0.186944192002137,-99
0.0739423503519467,-99,0.100803623932047,0.129056918200743,0.161915940024258,-99,0.129250415246676,-99,-99,-99,-99,0.498290933611856,0.13350831712077,0.00132882006125242,0.0327001298856009,0.146325406667334,0.076021837481326,0.101694409259148,0.169908602618767,0.100342250907714,0.349778454348199,-99,0.0504323523819877,0.0757255669689101,0.299528816754181,0.182586103419322,0.257010776531226,0.113505383815968,0.571050172814808,0.0947627324824606,-99,-99,-99,0.0848619936250773,0.082469135997704,0.262146694850381,0.0183408254470002,-99,-99,0.00220773787678112,0.0703470930496215,-99,0.325997920848879,-99,0.617653094015546,0.135036923334842,0.101963547013218,-99,0.114921453031061,0.0861320610606559,0.415945162671538,0.232387393905409,0.100877176741138,0.0458691798686575,0.151840386760602,-99,0.0907991074292412,0.307653859933148,-99,0.00951245165199126,0.0200870663862329,-99,0.106943962054816,0.012149984244355,0.0393670318632288,0.186816410361392,0.260366189950979,0.415092496790092,-99,0.0109101816152476,0.191156645082509,-99,-99,-99,0.0172198542604898,0.13101520719767,0.0184810006761351,0.197720026703075,0.223035591988925,0.311792165273941,0.174339614620502,-99,0.0685960427452905,0.0511350216341359,0.260449372789892,0.0538914132752443,0.31153808228547,0.219003191635202,0.0222673619287121,0.0100928328034938,-99,-99,0.0474605066287412,0.0943446918364461,0.0433659171070365,-99,0.0815245848558576,0.0331694367577599,0.152827151730076,-99
0.162375740882955,0.182612873725679,0.311091508086824,0.0449692855819287,0.0627336677243179,0.133797746023611,0.0393739810529481,0.147773435705633,0.313161047310613,0.112505032967771,0.230880619463685,0.0440010104213224,0.189542948782168,0.00778892337874742,0.0931302626841067,0.0427798783651775,0.111860327070782,-99,-99,0.0165175774991644,0.0519387860752999,0.404215997557893,0.130437137476139,-99,0.0275040096141175,0.651530910719081,0.0087437868612308,0.113042153637433,0.103413894933342,0.0549315607622342,0.101308847400595,0.21268138212127,0.152176963509539,0.124716035829816,0.0939062777983771,0.100774255385808,-99,0.0405912539127369,0.0553508836882586,0.202776757381954,-99,0.146268246449147,0.121853655880297,-99,0.230056650421956,0.0181097317057023,-99,0.0175488255771757,-99,0.152170845408506,0.0898984869232162,0.275323680583738,0.0165118394354745,0.233198540165163,-99,0.120450041618403,0.0454024900726382,0.260724934918191,0.115076723081878,0.034281537890054,0.0951957958760386,0.0257508356894384,0.146401815730045,0.209454623422304,0.138676675527779,-99,0.0193475032766604,0.164204823752212,0.162039340813024,0.11482373137434,0.0410133450716688,0.0130643265920628,0.108020201466157,0.0582677082144286,0.0397857071524483,0.0410612380776742,0.0183669047092846,-99,0.00859190694243537,-99,0.0839633560612544,0.428345390432552,0.461535738091756,0.0776267757801955,-99,-99,0.191863110671254,-99,0.0190954332026001,0.0291609703689932,0.0720381753141009,-99,0.0689288234493653,0.0667501298366188,0.204653396678819,0.066567997818724,0.0358530164668109,0.0378675823240191,0.0248559517192051,0.0315769984479137
0.0166974914540844,0.160464933684565,0.00421392062438306,0.147003645799151,0.151316965545962,0.430760978172966,0.435267992542359,-99,0.142575285095169,0.0552627656014824,0.033702197589488,0.0426512643656873,0.00229287093324723,0.13973422909691,0.141645430143422,0.0192184888024253,0.0731710232161567,0.0872560363181015,-99,0.022988353222404,-99,0.0315018273663887,0.0252440207597765,-99,-99,0.146007676238147,0.665735141391417,0.0840116776390074,0.0803414543052844,0.0171668724651765,-99,0.112105249773908,-99,0.227230255686874,0.149555482225362,0.0716102777736516,-99,-99,0.00472769347337686,0.0147673095551154,0.0648150116786483,0.00133484871750781,0.0822628311726065,0.233815327836223,-99,0.0294328507037332,0.0172799089797966,-99,0.0221219245056052,0.218347807460381,-99,0.0462288598358102,0.119024507377849,0.0233628095290057,0.0147301564905314,0.121144436905568,0.324206796937964,0.134033441575883,-99,0.0622842761226704,0.0507911190547297,0.163152686386177,0.165162908235511,-99,0.236516330366435,-99,-99,0.0637700162572185,0.063774916759249,0.0368673454816931,0.112858238823538,0.102702095896945,-99,0.123673634062299,-99,0.0521337448704418,0.214976239826747,0.0846680838555674,0.0431601504968925,0.0445723929068605,0.015814722479907,0.225252951327896,0.465764836106532,0.0811542950780235,0.001053879842394,0.302101843793513,0.120591738515791,0.122257092208902,0.474550428241912,0.146193745774537,0.03829865166704,0.123077100825605,-99,0.0902636126639157,0.139012466873108,0.232820669371962,0.0601059272899032,0.0222401321496281,0.0821567539006016,0.283627379419979
-99,-99,0.111169198052723,0.0496465021098842,0.132584422533751,0.0131118833137786,0.00107489412422804,0.0975475169278682,0.0429831726503773,-99,0.387056098796713,0.187349231230611,0.220655835683614,0.0324229495045146,0.134900942608127,0.0493919851520536,0.14464887678937,0.0116804521046459,0.246202554799025,0.180371804082648,0.346963821898477,0.0026824046108242,-99,0.146659938332842,0.0420119383133499,0.283372064595656,-99,-99,-99,0.0566049501712043,0.0885114441042309,0.14918100186531,-99,0.0546665496556164,0.1999935711767,0.102371828438564,-99,0.392367723118599,0.00477062968178469,0.104196850084576,0.0175635016995971,0.0547565544193461,0.0751536017952106,0.104764059961467,-99,0.0265283647717868,-99,0.0575178935917513,-99,0.247360071145657,0.0989379368020687,0.208711211385011,0.246240777766982,0.142494619037963,0.0716787408109124,0.0658428354858289,0.048555518371086,0.431114894117287,0.0140882277849185,0.00122353427588016,0.170644052160122,0.00738640049542907,0.0221137864285967,0.176242629777673,0.268159838763949,0.216274801463676,0.0158730552123611,0.0741960157503423,0.0453428038335084,0.0340435569132317,0.0990951396026492,0.0505694730453697,0.0477788849852617,0.157881544650204,0.0957225448521664,0.521546114054662,-99,0.062846498535403,0.107970279173724,0.451606471810408,0.105860274890188,0.101639483783438,0.204368838763914,0.140304446886917,0.240647278860495,0.141582930435273,0.0262809489119063,0.402243732981154,0.00868418909298853,-99,-99,0.139620824677178,-99,0.0529332182495156,0.072251978207233,0.142817364890337,0.0277369319695959,0.0688065867846918,0.0922112504235329,0.110706915879601
0.0356207538948992,0.0740528544569147,0.210092856679942,0.338430521276838,0.0841706832481536,0.426831431558159,0.0627804515741825,0.113538763049076,0.0287898536575958,-99,0.109641912043168,0.174637433090848,0.0742755856484551,0.16389105206454,0.0633369774810371,0.63551827800699,0.0576526755825461,0.00230589011524157,0.0379084874061124,0.175827903718347,-99,-99,-99,0.0214783791005381,0.0988076031311414,0.119787613269161,0.100809760444849,0.0104855773161609,0.421509717757489,-99,0.0473832544218624,0.0648529216502821,0.0610864775701561,0.0850247736769497,0.0254435187911775,0.149594406883275,0.0206213868321351,-99,0.121052021383968,0.0760652404311104,0.186432610854842,0.0506411351674883,0.0395211191625169,0.0268771095310366,0.0443311748462678,0.0511080772767564,0.219640938006632,0.0495569116594451,0.219478443734353,0.378795251053981,0.041500484891529,0.0583040226484859,0.129540980710279,0.135768139592561,0.116916869517748,0.139824952884382,0.115637355016951,-99,0.0587982864558078,0.0814545729276329,0.273534571573665,0.110330092428223,0.371859952999757,0.244308692318935,0.158827220300976,0.0311877147750121,0.331562878163201,0.662763229941291,0.0776789723243933,0.0279836193739749,0.0997208230772331,0.091865835646305,-99,0.0123691621628692,-99,0.196159840377158,0.127497464889681,0.118242478934553,-99,0.330748424675513,0.0732887006429885,0.326893328587266,0.0809752645728304,0.0804371361249888,0.540244411655512,0.0276295768549295,0.124496558145706,0.0797107588347993,0.0461159082310058,0.0301496183238392,0.0373890887313216,0.020721712072925,0.42689684598362,0.210955506169377,0.0738650938234982,0.153160330325232,0.289334717037647,-99,0.114592390204831,0.0395208229305542
-99,0.0641958723667817,0.00603875574510555,0.184582944890895,0.0780364801739254,-99,-99,0.00322995434213044,0.0862010011682437,0.574858652897378,0.00374569482992011,0.177589784727987,0.0105140784112557,0.161963780260715,0.093337235499642,0.0354754026923479,0.0409765675284543,-99,0.0229575127979465,0.492815957303161,0.123632214774438,0.1706119462472,0.230128692918367,-99,0.153218217619748,0.0121353520006737,0.073962020106164,-99,0.185441497458473,0.0109309363423873,0.299126835799605,0.0141820352619802,0.00907172033642127,0.689618264997471,0.664169819281178,0.308059755734638,0.0643955461718312,0.133549325008845,0.0451887781249971,0.0982104192205996,-99,0.0629687933332446,-99,0.0282616962117571,0.334925829835237,0.143955512670575,0.0842914666359693,0.386657319240816,0.0381769954918292,0.0205583919475892,0.301115852348549,0.0672783842145029,0.28589940092464,-99,-99,0.193376820137675,0.214815590085915,0.371520122921315,0.0676626041302727,0.0641554408258827,0.339864890826888,0.0870227879507751,0.0721366035680526,0.179413937161421,0.0476661683703389,0.304063789669105,0.0530461428045482,0.142444831496772,0.0221720842314711,0.113209887722037,0.134314251804968,-99,0.250155718382113,0.125594713262362,0.188764960407949,0.148718786749023,0.0635914236247057,-99,0.056686898683661,0.00940124405050152,0.0868045679812403,0.0715657989357684,0.0181437720342187,0.106658250656982,0.063395387340146,0.71972630741515,0.0963123610758243,0.0266417965703426,0.00149400609513528,0.050281442767454,-99,0.0457751820675346,0.0327904153197789,-99,0.219180084188792,0.359929786531169,-99,0.00988376128920614,0.0131411518532583,0.0237100614666905
